4.9475	0.0000e+00
4.9500	0.0000e+00
4.9525	0.0000e+00
4.9550	0.0000e+00
4.9575	0.0000e+00
4.9600	0.0000e+00
4.9625	0.0000e+00
4.9650	0.0000e+00
4.9675	0.0000e+00
4.9700	0.0000e+00
4.9725	0.0000e+00
4.9750	0.0000e+00
4.9775	0.0000e+00
4.9800	0.0000e+00
4.9825	0.0000e+00
4.9850	0.0000e+00
4.9875	0.0000e+00
4.9900	0.0000e+00
4.9925	0.0000e+00
4.9950	0.0000e+00
4.9975	0.0000e+00
5.0000	0.0000e+00
5.0025	0.0000e+00
5.0050	0.0000e+00
5.0075	0.0000e+00
5.0100	0.0000e+00
5.0125	0.0000e+00
5.0150	0.0000e+00
5.0175	0.0000e+00
5.0200	0.0000e+00
5.0225	0.0000e+00
5.0250	0.0000e+00
5.0275	0.0000e+00
5.0300	0.0000e+00
5.0325	0.0000e+00
5.0350	0.0000e+00
5.0375	0.0000e+00
5.0400	0.0000e+00
5.0425	0.0000e+00
5.0450	0.0000e+00
5.0475	0.0000e+00
5.0500	0.0000e+00
5.0525	0.0000e+00
5.0550	0.0000e+00
5.0575	0.0000e+00
5.0600	0.0000e+00
5.0625	0.0000e+00
5.0650	0.0000e+00
5.0675	0.0000e+00
5.0700	0.0000e+00
5.0725	0.0000e+00
5.0750	0.0000e+00
5.0775	0.0000e+00
5.0800	0.0000e+00
5.0825	0.0000e+00
5.0850	0.0000e+00
5.0875	0.0000e+00
5.0900	0.0000e+00
5.0925	0.0000e+00
5.0950	0.0000e+00
5.0975	0.0000e+00
5.1000	0.0000e+00
5.1025	0.0000e+00
5.1050	0.0000e+00
5.1075	0.0000e+00
5.1100	0.0000e+00
5.1125	0.0000e+00
5.1150	0.0000e+00
5.1175	0.0000e+00
5.1200	0.0000e+00
5.1225	0.0000e+00
5.1250	3.7903e-01
5.1275	9.2910e-01
5.1300	1.4792e+00
5.1325	2.0292e+00
5.1350	2.5793e+00
5.1375	3.1294e+00
5.1400	3.6794e+00
5.1425	4.2295e+00
5.1450	4.7796e+00
5.1475	4.5715e+00
5.1500	4.0215e+00
5.1525	3.4714e+00
5.1550	2.9214e+00
5.1575	2.3713e+00
5.1600	1.8212e+00
5.1625	1.2712e+00
5.1650	7.2109e-01
5.1675	0.0000e+00
5.1700	0.0000e+00
5.1725	0.0000e+00
5.1750	0.0000e+00
5.1775	0.0000e+00
5.1800	0.0000e+00
5.1825	0.0000e+00
5.1850	0.0000e+00
5.1875	0.0000e+00
5.1900	0.0000e+00
5.1925	0.0000e+00
5.1950	0.0000e+00
5.1975	0.0000e+00
5.2000	0.0000e+00
5.2025	0.0000e+00
5.2050	0.0000e+00
5.2075	0.0000e+00
5.2100	0.0000e+00
5.2125	0.0000e+00
5.2150	0.0000e+00
5.2175	0.0000e+00
5.2200	0.0000e+00
5.2225	0.0000e+00
5.2250	0.0000e+00
5.2275	0.0000e+00
5.2300	0.0000e+00
5.2325	0.0000e+00
5.2350	0.0000e+00
5.2375	0.0000e+00
5.2400	0.0000e+00
5.2425	0.0000e+00
5.2450	0.0000e+00
5.2475	0.0000e+00
5.2500	0.0000e+00
5.2525	0.0000e+00
5.2550	0.0000e+00
5.2575	0.0000e+00
5.2600	0.0000e+00
5.2625	0.0000e+00
5.2650	0.0000e+00
5.2675	0.0000e+00
5.2700	0.0000e+00
5.2725	0.0000e+00
5.2750	0.0000e+00
5.2775	0.0000e+00
5.2800	0.0000e+00
5.2825	0.0000e+00
5.2850	0.0000e+00
5.2875	0.0000e+00
5.2900	0.0000e+00
5.2925	0.0000e+00
5.2950	0.0000e+00
5.2975	0.0000e+00
5.3000	0.0000e+00
5.3025	0.0000e+00
5.3050	0.0000e+00
5.3075	0.0000e+00
5.3100	0.0000e+00
5.3125	0.0000e+00
5.3150	0.0000e+00
5.3175	0.0000e+00
5.3200	0.0000e+00
5.3225	0.0000e+00
5.3250	0.0000e+00
5.3275	0.0000e+00
5.3300	0.0000e+00
5.3325	0.0000e+00
5.3350	0.0000e+00
5.3375	0.0000e+00
5.3400	0.0000e+00
5.3425	0.0000e+00
5.3450	0.0000e+00
5.3475	0.0000e+00
5.3500	0.0000e+00
5.3525	0.0000e+00
5.3550	0.0000e+00
5.3575	0.0000e+00
5.3600	0.0000e+00
5.3625	0.0000e+00
5.3650	0.0000e+00
5.3675	0.0000e+00
5.3700	0.0000e+00
5.3725	0.0000e+00
5.3750	0.0000e+00
5.3775	0.0000e+00
5.3800	0.0000e+00
5.3825	0.0000e+00
5.3850	0.0000e+00
5.3875	0.0000e+00
5.3900	0.0000e+00
5.3925	0.0000e+00
5.3950	0.0000e+00
5.3975	0.0000e+00
5.4000	0.0000e+00
5.4025	0.0000e+00
5.4050	0.0000e+00
5.4075	0.0000e+00
5.4100	0.0000e+00
5.4125	0.0000e+00
5.4150	0.0000e+00
5.4175	0.0000e+00
5.4200	0.0000e+00
5.4225	0.0000e+00
5.4250	0.0000e+00
5.4275	0.0000e+00
5.4300	0.0000e+00
5.4325	0.0000e+00
5.4350	0.0000e+00
5.4375	0.0000e+00
5.4400	0.0000e+00
5.4425	0.0000e+00
5.4450	0.0000e+00
5.4475	0.0000e+00
5.4500	0.0000e+00
5.4525	0.0000e+00
5.4550	0.0000e+00
5.4575	0.0000e+00
5.4600	0.0000e+00
5.4625	0.0000e+00
5.4650	0.0000e+00
5.4675	0.0000e+00
5.4700	0.0000e+00
5.4725	0.0000e+00
5.4750	0.0000e+00
5.4775	0.0000e+00
5.4800	0.0000e+00
5.4825	0.0000e+00
5.4850	0.0000e+00
5.4875	0.0000e+00
5.4900	0.0000e+00
5.4925	0.0000e+00
5.4950	0.0000e+00
5.4975	0.0000e+00
5.5000	0.0000e+00
5.5025	0.0000e+00
5.5050	0.0000e+00
5.5075	0.0000e+00
5.5100	0.0000e+00
5.5125	0.0000e+00
5.5150	0.0000e+00
5.5175	0.0000e+00
5.5200	0.0000e+00
5.5225	0.0000e+00
5.5250	0.0000e+00
5.5275	0.0000e+00
5.5300	0.0000e+00
5.5325	0.0000e+00
5.5350	0.0000e+00
5.5375	0.0000e+00
5.5400	0.0000e+00
5.5425	0.0000e+00
5.5450	0.0000e+00
5.5475	0.0000e+00
5.5500	0.0000e+00
5.5525	0.0000e+00
5.5550	0.0000e+00
5.5575	0.0000e+00
5.5600	0.0000e+00
5.5625	0.0000e+00
5.5650	0.0000e+00
5.5675	0.0000e+00
5.5700	0.0000e+00
5.5725	0.0000e+00
5.5750	0.0000e+00
5.5775	0.0000e+00
5.5800	0.0000e+00
5.5825	0.0000e+00
5.5850	0.0000e+00
5.5875	0.0000e+00
5.5900	0.0000e+00
5.5925	0.0000e+00
5.5950	0.0000e+00
5.5975	0.0000e+00
5.6000	0.0000e+00
5.6025	0.0000e+00
5.6050	0.0000e+00
5.6075	0.0000e+00
5.6100	0.0000e+00
5.6125	0.0000e+00
5.6150	0.0000e+00
5.6175	0.0000e+00
5.6200	0.0000e+00
5.6225	0.0000e+00
5.6250	0.0000e+00
5.6275	0.0000e+00
5.6300	0.0000e+00
5.6325	0.0000e+00
5.6350	0.0000e+00
5.6375	0.0000e+00
5.6400	0.0000e+00
5.6425	0.0000e+00
5.6450	0.0000e+00
5.6475	0.0000e+00
5.6500	0.0000e+00
5.6525	0.0000e+00
5.6550	0.0000e+00
5.6575	0.0000e+00
5.6600	0.0000e+00
5.6625	0.0000e+00
5.6650	0.0000e+00
5.6675	0.0000e+00
5.6700	0.0000e+00
5.6725	0.0000e+00
5.6750	0.0000e+00
5.6775	0.0000e+00
5.6800	0.0000e+00
5.6825	0.0000e+00
5.6850	0.0000e+00
5.6875	0.0000e+00
5.6900	0.0000e+00
5.6925	0.0000e+00
5.6950	0.0000e+00
5.6975	0.0000e+00
5.7000	0.0000e+00
5.7025	0.0000e+00
5.7050	0.0000e+00
5.7075	0.0000e+00
5.7100	0.0000e+00
5.7125	0.0000e+00
5.7150	0.0000e+00
5.7175	0.0000e+00
5.7200	0.0000e+00
5.7225	0.0000e+00
5.7250	0.0000e+00
5.7275	0.0000e+00
5.7300	0.0000e+00
5.7325	0.0000e+00
5.7350	0.0000e+00
5.7375	0.0000e+00
5.7400	0.0000e+00
5.7425	0.0000e+00
5.7450	0.0000e+00
5.7475	0.0000e+00
5.7500	0.0000e+00
5.7525	0.0000e+00
5.7550	0.0000e+00
5.7575	0.0000e+00
5.7600	0.0000e+00
5.7625	0.0000e+00
5.7650	0.0000e+00
5.7675	0.0000e+00
5.7700	0.0000e+00
5.7725	0.0000e+00
5.7750	0.0000e+00
5.7775	0.0000e+00
5.7800	0.0000e+00
5.7825	0.0000e+00
5.7850	0.0000e+00
5.7875	0.0000e+00
5.7900	0.0000e+00
5.7925	0.0000e+00
5.7950	0.0000e+00
5.7975	0.0000e+00
5.8000	0.0000e+00
5.8025	0.0000e+00
5.8050	0.0000e+00
5.8075	0.0000e+00
5.8100	0.0000e+00
5.8125	0.0000e+00
5.8150	0.0000e+00
5.8175	0.0000e+00
5.8200	0.0000e+00
5.8225	0.0000e+00
5.8250	0.0000e+00
5.8275	0.0000e+00
5.8300	0.0000e+00
5.8325	0.0000e+00
5.8350	0.0000e+00
5.8375	0.0000e+00
5.8400	0.0000e+00
5.8425	0.0000e+00
5.8450	0.0000e+00
5.8475	0.0000e+00
5.8500	0.0000e+00
5.8525	0.0000e+00
5.8550	0.0000e+00
5.8575	0.0000e+00
5.8600	0.0000e+00
5.8625	0.0000e+00
5.8650	0.0000e+00
5.8675	0.0000e+00
5.8700	0.0000e+00
5.8725	0.0000e+00
5.8750	0.0000e+00
5.8775	0.0000e+00
5.8800	0.0000e+00
5.8825	0.0000e+00
5.8850	0.0000e+00
5.8875	0.0000e+00
5.8900	0.0000e+00
5.8925	0.0000e+00
5.8950	0.0000e+00
5.8975	0.0000e+00
5.9000	0.0000e+00
5.9025	0.0000e+00
5.9050	0.0000e+00
5.9075	0.0000e+00
5.9100	0.0000e+00
5.9125	0.0000e+00
5.9150	0.0000e+00
5.9175	0.0000e+00
5.9200	1.9325e-04
5.9225	2.7252e-01
5.9250	5.4484e-01
5.9275	8.1716e-01
5.9300	1.0895e+00
5.9325	1.3618e+00
5.9350	1.6341e+00
5.9375	1.9064e+00
5.9400	2.1788e+00
5.9425	2.4507e+00
5.9450	2.1784e+00
5.9475	1.9061e+00
5.9500	1.6337e+00
5.9525	1.3614e+00
5.9550	1.0891e+00
5.9575	8.1677e-01
5.9600	5.4445e-01
5.9625	0.0000e+00
5.9650	0.0000e+00
5.9675	0.0000e+00
5.9700	0.0000e+00
5.9725	0.0000e+00
5.9750	0.0000e+00
5.9775	0.0000e+00
5.9800	0.0000e+00
5.9825	0.0000e+00
5.9850	0.0000e+00
5.9875	0.0000e+00
5.9900	0.0000e+00
5.9925	0.0000e+00
5.9950	0.0000e+00
5.9975	0.0000e+00
6.0000	0.0000e+00
6.0025	0.0000e+00
6.0050	0.0000e+00
6.0075	0.0000e+00
6.0100	0.0000e+00
6.0125	0.0000e+00
6.0150	0.0000e+00
6.0175	0.0000e+00
6.0200	0.0000e+00
6.0225	0.0000e+00
6.0250	0.0000e+00
6.0275	0.0000e+00
6.0300	0.0000e+00
6.0325	0.0000e+00
6.0350	0.0000e+00
6.0375	0.0000e+00
6.0400	0.0000e+00
6.0425	0.0000e+00
6.0450	0.0000e+00
6.0475	0.0000e+00
6.0500	0.0000e+00
6.0525	0.0000e+00
6.0550	0.0000e+00
6.0575	0.0000e+00
6.0600	0.0000e+00
6.0625	0.0000e+00
6.0650	0.0000e+00
6.0675	0.0000e+00
6.0700	0.0000e+00
6.0725	0.0000e+00
6.0750	0.0000e+00
6.0775	0.0000e+00
6.0800	0.0000e+00
6.0825	0.0000e+00
6.0850	0.0000e+00
6.0875	0.0000e+00
6.0900	0.0000e+00
6.0925	0.0000e+00
6.0950	0.0000e+00
6.0975	0.0000e+00
6.1000	0.0000e+00
6.1025	0.0000e+00
6.1050	0.0000e+00
6.1075	0.0000e+00
6.1100	0.0000e+00
6.1125	0.0000e+00
6.1150	0.0000e+00
6.1175	0.0000e+00
6.1200	0.0000e+00
6.1225	0.0000e+00
6.1250	0.0000e+00
6.1275	0.0000e+00
6.1300	0.0000e+00
6.1325	0.0000e+00
6.1350	0.0000e+00
6.1375	0.0000e+00
6.1400	0.0000e+00
6.1425	0.0000e+00
6.1450	0.0000e+00
6.1475	0.0000e+00
6.1500	0.0000e+00
6.1525	0.0000e+00
6.1550	0.0000e+00
6.1575	0.0000e+00
6.1600	0.0000e+00
6.1625	0.0000e+00
6.1650	0.0000e+00
6.1675	0.0000e+00
6.1700	0.0000e+00
6.1725	0.0000e+00
6.1750	0.0000e+00
6.1775	0.0000e+00
6.1800	0.0000e+00
6.1825	0.0000e+00
6.1850	0.0000e+00
6.1875	0.0000e+00
6.1900	0.0000e+00
6.1925	0.0000e+00
6.1950	0.0000e+00
6.1975	0.0000e+00
6.2000	0.0000e+00
6.2025	0.0000e+00
6.2050	0.0000e+00
6.2075	0.0000e+00
6.2100	0.0000e+00
6.2125	0.0000e+00
6.2150	0.0000e+00
6.2175	0.0000e+00
6.2200	0.0000e+00
6.2225	0.0000e+00
6.2250	0.0000e+00
6.2275	0.0000e+00
6.2300	0.0000e+00
6.2325	0.0000e+00
6.2350	0.0000e+00
6.2375	0.0000e+00
6.2400	0.0000e+00
6.2425	0.0000e+00
6.2450	0.0000e+00
6.2475	0.0000e+00
6.2500	0.0000e+00
6.2525	0.0000e+00
6.2550	0.0000e+00
6.2575	0.0000e+00
6.2600	0.0000e+00
6.2625	0.0000e+00
6.2650	0.0000e+00
6.2675	0.0000e+00
6.2700	0.0000e+00
6.2725	0.0000e+00
6.2750	0.0000e+00
6.2775	0.0000e+00
6.2800	0.0000e+00
6.2825	0.0000e+00
6.2850	0.0000e+00
6.2875	0.0000e+00
6.2900	0.0000e+00
6.2925	0.0000e+00
6.2950	0.0000e+00
6.2975	0.0000e+00
6.3000	0.0000e+00
6.3025	0.0000e+00
6.3050	0.0000e+00
6.3075	0.0000e+00
6.3100	0.0000e+00
6.3125	0.0000e+00
6.3150	0.0000e+00
6.3175	0.0000e+00
6.3200	0.0000e+00
6.3225	0.0000e+00
6.3250	0.0000e+00
6.3275	0.0000e+00
6.3300	0.0000e+00
6.3325	0.0000e+00
6.3350	0.0000e+00
6.3375	0.0000e+00
6.3400	0.0000e+00
6.3425	0.0000e+00
6.3450	0.0000e+00
6.3475	0.0000e+00
6.3500	0.0000e+00
6.3525	0.0000e+00
6.3550	0.0000e+00
6.3575	0.0000e+00
6.3600	0.0000e+00
6.3625	0.0000e+00
6.3650	0.0000e+00
6.3675	0.0000e+00
6.3700	0.0000e+00
6.3725	0.0000e+00
6.3750	0.0000e+00
6.3775	0.0000e+00
6.3800	0.0000e+00
6.3825	0.0000e+00
6.3850	0.0000e+00
6.3875	0.0000e+00
6.3900	0.0000e+00
6.3925	0.0000e+00
6.3950	0.0000e+00
6.3975	0.0000e+00
6.4000	0.0000e+00
6.4025	0.0000e+00
6.4050	0.0000e+00
6.4075	0.0000e+00
6.4100	0.0000e+00
6.4125	0.0000e+00
6.4150	0.0000e+00
6.4175	0.0000e+00
6.4200	0.0000e+00
6.4225	0.0000e+00
6.4250	0.0000e+00
6.4275	0.0000e+00
6.4300	0.0000e+00
6.4325	0.0000e+00
6.4350	0.0000e+00
6.4375	0.0000e+00
6.4400	0.0000e+00
6.4425	0.0000e+00
6.4450	0.0000e+00
6.4475	0.0000e+00
6.4500	0.0000e+00
6.4525	0.0000e+00
6.4550	0.0000e+00
6.4575	0.0000e+00
6.4600	0.0000e+00
6.4625	0.0000e+00
6.4650	0.0000e+00
6.4675	0.0000e+00
6.4700	0.0000e+00
6.4725	0.0000e+00
6.4750	0.0000e+00
6.4775	0.0000e+00
6.4800	0.0000e+00
6.4825	0.0000e+00
6.4850	0.0000e+00
6.4875	0.0000e+00
6.4900	0.0000e+00
6.4925	0.0000e+00
6.4950	0.0000e+00
6.4975	0.0000e+00
6.5000	0.0000e+00
6.5025	0.0000e+00
6.5050	0.0000e+00
6.5075	0.0000e+00
6.5100	0.0000e+00
6.5125	0.0000e+00
6.5150	0.0000e+00
6.5175	0.0000e+00
6.5200	0.0000e+00
6.5225	0.0000e+00
6.5250	0.0000e+00
6.5275	0.0000e+00
6.5300	0.0000e+00
6.5325	0.0000e+00
6.5350	0.0000e+00
6.5375	0.0000e+00
6.5400	0.0000e+00
6.5425	0.0000e+00
6.5450	0.0000e+00
6.5475	0.0000e+00
6.5500	0.0000e+00
6.5525	0.0000e+00
6.5550	0.0000e+00
6.5575	0.0000e+00
6.5600	0.0000e+00
6.5625	0.0000e+00
6.5650	0.0000e+00
6.5675	0.0000e+00
6.5700	0.0000e+00
6.5725	0.0000e+00
6.5750	0.0000e+00
6.5775	0.0000e+00
6.5800	0.0000e+00
6.5825	0.0000e+00
6.5850	0.0000e+00
6.5875	0.0000e+00
6.5900	0.0000e+00
6.5925	0.0000e+00
6.5950	0.0000e+00
6.5975	0.0000e+00
6.6000	0.0000e+00
6.6025	0.0000e+00
6.6050	0.0000e+00
6.6075	0.0000e+00
6.6100	0.0000e+00
6.6125	0.0000e+00
6.6150	0.0000e+00
6.6175	0.0000e+00
6.6200	0.0000e+00
6.6225	0.0000e+00
6.6250	0.0000e+00
6.6275	0.0000e+00
6.6300	0.0000e+00
6.6325	0.0000e+00
6.6350	0.0000e+00
6.6375	0.0000e+00
6.6400	0.0000e+00
6.6425	0.0000e+00
6.6450	0.0000e+00
6.6475	0.0000e+00
6.6500	0.0000e+00
6.6525	0.0000e+00
6.6550	0.0000e+00
6.6575	0.0000e+00
6.6600	0.0000e+00
6.6625	0.0000e+00
6.6650	0.0000e+00
6.6675	0.0000e+00
6.6700	0.0000e+00
6.6725	0.0000e+00
6.6750	0.0000e+00
6.6775	0.0000e+00
6.6800	0.0000e+00
6.6825	0.0000e+00
6.6850	0.0000e+00
6.6875	0.0000e+00
6.6900	0.0000e+00
6.6925	0.0000e+00
6.6950	0.0000e+00
6.6975	0.0000e+00
6.7000	0.0000e+00
6.7025	0.0000e+00
6.7050	0.0000e+00
6.7075	0.0000e+00
6.7100	0.0000e+00
6.7125	0.0000e+00
6.7150	0.0000e+00
6.7175	0.0000e+00
6.7200	0.0000e+00
6.7225	0.0000e+00
6.7250	0.0000e+00
6.7275	0.0000e+00
6.7300	0.0000e+00
6.7325	0.0000e+00
6.7350	0.0000e+00
6.7375	0.0000e+00
6.7400	0.0000e+00
6.7425	0.0000e+00
6.7450	0.0000e+00
6.7475	0.0000e+00
6.7500	0.0000e+00
6.7525	0.0000e+00
6.7550	0.0000e+00
6.7575	0.0000e+00
6.7600	0.0000e+00
6.7625	0.0000e+00
6.7650	0.0000e+00
6.7675	0.0000e+00
6.7700	0.0000e+00
6.7725	0.0000e+00
6.7750	0.0000e+00
6.7775	0.0000e+00
6.7800	0.0000e+00
6.7825	0.0000e+00
6.7850	0.0000e+00
6.7875	0.0000e+00
6.7900	0.0000e+00
6.7925	0.0000e+00
6.7950	0.0000e+00
6.7975	0.0000e+00
6.8000	0.0000e+00
6.8025	0.0000e+00
6.8050	0.0000e+00
6.8075	0.0000e+00
6.8100	0.0000e+00
6.8125	0.0000e+00
6.8150	0.0000e+00
6.8175	0.0000e+00
6.8200	0.0000e+00
6.8225	0.0000e+00
6.8250	0.0000e+00
6.8275	0.0000e+00
6.8300	0.0000e+00
6.8325	0.0000e+00
6.8350	0.0000e+00
6.8375	0.0000e+00
6.8400	0.0000e+00
6.8425	0.0000e+00
6.8450	0.0000e+00
6.8475	0.0000e+00
6.8500	0.0000e+00
6.8525	0.0000e+00
6.8550	0.0000e+00
6.8575	0.0000e+00
6.8600	0.0000e+00
6.8625	0.0000e+00
6.8650	0.0000e+00
6.8675	0.0000e+00
6.8700	0.0000e+00
6.8725	0.0000e+00
6.8750	0.0000e+00
6.8775	0.0000e+00
6.8800	0.0000e+00
6.8825	0.0000e+00
6.8850	0.0000e+00
6.8875	0.0000e+00
6.8900	0.0000e+00
6.8925	0.0000e+00
6.8950	0.0000e+00
6.8975	0.0000e+00
6.9000	0.0000e+00
6.9025	0.0000e+00
6.9050	0.0000e+00
6.9075	0.0000e+00
6.9100	0.0000e+00
6.9125	0.0000e+00
6.9150	0.0000e+00
6.9175	0.0000e+00
6.9200	0.0000e+00
6.9225	0.0000e+00
6.9250	0.0000e+00
6.9275	0.0000e+00
6.9300	0.0000e+00
6.9325	0.0000e+00
6.9350	0.0000e+00
6.9375	0.0000e+00
6.9400	0.0000e+00
6.9425	0.0000e+00
6.9450	0.0000e+00
6.9475	0.0000e+00
6.9500	0.0000e+00
6.9525	0.0000e+00
6.9550	0.0000e+00
6.9575	0.0000e+00
6.9600	0.0000e+00
6.9625	0.0000e+00
6.9650	0.0000e+00
6.9675	0.0000e+00
6.9700	0.0000e+00
6.9725	0.0000e+00
6.9750	0.0000e+00
6.9775	0.0000e+00
6.9800	0.0000e+00
6.9825	0.0000e+00
6.9850	0.0000e+00
6.9875	0.0000e+00
6.9900	0.0000e+00
6.9925	0.0000e+00
6.9950	0.0000e+00
6.9975	0.0000e+00
7.0000	0.0000e+00
7.0025	0.0000e+00
7.0050	0.0000e+00
7.0075	0.0000e+00
7.0100	0.0000e+00
7.0125	0.0000e+00
7.0150	0.0000e+00
7.0175	0.0000e+00
7.0200	0.0000e+00
7.0225	0.0000e+00
7.0250	0.0000e+00
7.0275	0.0000e+00
7.0300	0.0000e+00
7.0325	0.0000e+00
7.0350	0.0000e+00
7.0375	0.0000e+00
7.0400	0.0000e+00
7.0425	0.0000e+00
7.0450	0.0000e+00
7.0475	0.0000e+00
7.0500	0.0000e+00
7.0525	0.0000e+00
7.0550	0.0000e+00
7.0575	0.0000e+00
7.0600	0.0000e+00
7.0625	0.0000e+00
7.0650	0.0000e+00
7.0675	0.0000e+00
7.0700	0.0000e+00
7.0725	0.0000e+00
7.0750	0.0000e+00
7.0775	0.0000e+00
7.0800	0.0000e+00
7.0825	0.0000e+00
7.0850	0.0000e+00
7.0875	0.0000e+00
7.0900	0.0000e+00
7.0925	0.0000e+00
7.0950	0.0000e+00
7.0975	0.0000e+00
7.1000	0.0000e+00
7.1025	0.0000e+00
7.1050	0.0000e+00
7.1075	0.0000e+00
7.1100	0.0000e+00
7.1125	0.0000e+00
7.1150	0.0000e+00
7.1175	0.0000e+00
7.1200	0.0000e+00
7.1225	0.0000e+00
7.1250	0.0000e+00
7.1275	0.0000e+00
7.1300	0.0000e+00
7.1325	0.0000e+00
7.1350	0.0000e+00
7.1375	0.0000e+00
7.1400	0.0000e+00
7.1425	0.0000e+00
7.1450	0.0000e+00
7.1475	0.0000e+00
7.1500	0.0000e+00
7.1525	0.0000e+00
7.1550	0.0000e+00
7.1575	0.0000e+00
7.1600	0.0000e+00
7.1625	0.0000e+00
7.1650	0.0000e+00
7.1675	0.0000e+00
7.1700	0.0000e+00
7.1725	0.0000e+00
7.1750	0.0000e+00
7.1775	0.0000e+00
7.1800	0.0000e+00
7.1825	0.0000e+00
7.1850	0.0000e+00
7.1875	0.0000e+00
7.1900	0.0000e+00
7.1925	0.0000e+00
7.1950	0.0000e+00
7.1975	0.0000e+00
7.2000	0.0000e+00
7.2025	0.0000e+00
7.2050	0.0000e+00
7.2075	0.0000e+00
7.2100	0.0000e+00
7.2125	0.0000e+00
7.2150	0.0000e+00
7.2175	0.0000e+00
7.2200	0.0000e+00
7.2225	0.0000e+00
7.2250	0.0000e+00
7.2275	0.0000e+00
7.2300	0.0000e+00
7.2325	0.0000e+00
7.2350	0.0000e+00
7.2375	0.0000e+00
7.2400	0.0000e+00
7.2425	0.0000e+00
7.2450	0.0000e+00
7.2475	0.0000e+00
7.2500	0.0000e+00
7.2525	0.0000e+00
7.2550	0.0000e+00
7.2575	0.0000e+00
7.2600	0.0000e+00
7.2625	0.0000e+00
7.2650	0.0000e+00
7.2675	0.0000e+00
7.2700	0.0000e+00
7.2725	0.0000e+00
7.2750	0.0000e+00
7.2775	0.0000e+00
7.2800	0.0000e+00
7.2825	0.0000e+00
7.2850	0.0000e+00
7.2875	0.0000e+00
7.2900	0.0000e+00
7.2925	0.0000e+00
7.2950	0.0000e+00
7.2975	0.0000e+00
7.3000	0.0000e+00
7.3025	0.0000e+00
7.3050	0.0000e+00
7.3075	0.0000e+00
7.3100	0.0000e+00
7.3125	0.0000e+00
7.3150	0.0000e+00
7.3175	0.0000e+00
7.3200	0.0000e+00
7.3225	0.0000e+00
7.3250	0.0000e+00
7.3275	0.0000e+00
7.3300	0.0000e+00
7.3325	0.0000e+00
7.3350	0.0000e+00
7.3375	0.0000e+00
7.3400	0.0000e+00
7.3425	0.0000e+00
7.3450	0.0000e+00
7.3475	0.0000e+00
7.3500	0.0000e+00
7.3525	0.0000e+00
7.3550	0.0000e+00
7.3575	0.0000e+00
7.3600	0.0000e+00
7.3625	0.0000e+00
7.3650	0.0000e+00
7.3675	0.0000e+00
7.3700	0.0000e+00
7.3725	0.0000e+00
7.3750	0.0000e+00
7.3775	0.0000e+00
7.3800	0.0000e+00
7.3825	0.0000e+00
7.3850	0.0000e+00
7.3875	0.0000e+00
7.3900	0.0000e+00
7.3925	0.0000e+00
7.3950	0.0000e+00
7.3975	0.0000e+00
7.4000	0.0000e+00
7.4025	0.0000e+00
7.4050	0.0000e+00
7.4075	0.0000e+00
7.4100	0.0000e+00
7.4125	0.0000e+00
7.4150	0.0000e+00
7.4175	0.0000e+00
7.4200	0.0000e+00
7.4225	0.0000e+00
7.4250	0.0000e+00
7.4275	0.0000e+00
7.4300	0.0000e+00
7.4325	0.0000e+00
7.4350	0.0000e+00
7.4375	0.0000e+00
7.4400	0.0000e+00
7.4425	0.0000e+00
7.4450	0.0000e+00
7.4475	0.0000e+00
7.4500	0.0000e+00
7.4525	0.0000e+00
7.4550	0.0000e+00
7.4575	0.0000e+00
7.4600	0.0000e+00
7.4625	0.0000e+00
7.4650	0.0000e+00
7.4675	0.0000e+00
7.4700	0.0000e+00
7.4725	0.0000e+00
7.4750	0.0000e+00
7.4775	0.0000e+00
7.4800	0.0000e+00
7.4825	0.0000e+00
7.4850	0.0000e+00
7.4875	0.0000e+00
7.4900	0.0000e+00
7.4925	0.0000e+00
7.4950	0.0000e+00
7.4975	0.0000e+00
7.5000	0.0000e+00
7.5025	0.0000e+00
7.5050	0.0000e+00
7.5075	0.0000e+00
7.5100	0.0000e+00
7.5125	0.0000e+00
7.5150	0.0000e+00
7.5175	0.0000e+00
7.5200	0.0000e+00
7.5225	0.0000e+00
7.5250	0.0000e+00
7.5275	0.0000e+00
7.5300	0.0000e+00
7.5325	0.0000e+00
7.5350	0.0000e+00
7.5375	0.0000e+00
7.5400	0.0000e+00
7.5425	0.0000e+00
7.5450	0.0000e+00
7.5475	0.0000e+00
7.5500	0.0000e+00
7.5525	0.0000e+00
7.5550	0.0000e+00
7.5575	0.0000e+00
7.5600	0.0000e+00
7.5625	0.0000e+00
7.5650	0.0000e+00
7.5675	0.0000e+00
7.5700	0.0000e+00
7.5725	0.0000e+00
7.5750	0.0000e+00
7.5775	0.0000e+00
7.5800	0.0000e+00
7.5825	0.0000e+00
7.5850	0.0000e+00
7.5875	0.0000e+00
7.5900	0.0000e+00
7.5925	0.0000e+00
7.5950	0.0000e+00
7.5975	0.0000e+00
7.6000	0.0000e+00
7.6025	0.0000e+00
7.6050	0.0000e+00
7.6075	0.0000e+00
7.6100	0.0000e+00
7.6125	0.0000e+00
7.6150	0.0000e+00
7.6175	0.0000e+00
7.6200	0.0000e+00
7.6225	0.0000e+00
7.6250	0.0000e+00
7.6275	0.0000e+00
7.6300	0.0000e+00
7.6325	0.0000e+00
7.6350	0.0000e+00
7.6375	0.0000e+00
7.6400	0.0000e+00
7.6425	0.0000e+00
7.6450	0.0000e+00
7.6475	0.0000e+00
7.6500	0.0000e+00
7.6525	0.0000e+00
7.6550	0.0000e+00
7.6575	0.0000e+00
7.6600	0.0000e+00
7.6625	0.0000e+00
7.6650	0.0000e+00
7.6675	0.0000e+00
7.6700	0.0000e+00
7.6725	0.0000e+00
7.6750	0.0000e+00
7.6775	0.0000e+00
7.6800	0.0000e+00
7.6825	0.0000e+00
7.6850	0.0000e+00
7.6875	0.0000e+00
7.6900	0.0000e+00
7.6925	0.0000e+00
7.6950	0.0000e+00
7.6975	0.0000e+00
7.7000	0.0000e+00
7.7025	0.0000e+00
7.7050	0.0000e+00
7.7075	0.0000e+00
7.7100	0.0000e+00
7.7125	0.0000e+00
7.7150	0.0000e+00
7.7175	0.0000e+00
7.7200	0.0000e+00
7.7225	0.0000e+00
7.7250	0.0000e+00
7.7275	0.0000e+00
7.7300	0.0000e+00
7.7325	0.0000e+00
7.7350	0.0000e+00
7.7375	0.0000e+00
7.7400	0.0000e+00
7.7425	0.0000e+00
7.7450	0.0000e+00
7.7475	0.0000e+00
7.7500	0.0000e+00
7.7525	0.0000e+00
7.7550	0.0000e+00
7.7575	0.0000e+00
7.7600	0.0000e+00
7.7625	0.0000e+00
7.7650	0.0000e+00
7.7675	0.0000e+00
7.7700	0.0000e+00
7.7725	0.0000e+00
7.7750	0.0000e+00
7.7775	0.0000e+00
7.7800	0.0000e+00
7.7825	0.0000e+00
7.7850	0.0000e+00
7.7875	0.0000e+00
7.7900	0.0000e+00
7.7925	0.0000e+00
7.7950	0.0000e+00
7.7975	0.0000e+00
7.8000	0.0000e+00
7.8025	0.0000e+00
7.8050	0.0000e+00
7.8075	0.0000e+00
7.8100	0.0000e+00
7.8125	0.0000e+00
7.8150	0.0000e+00
7.8175	0.0000e+00
7.8200	0.0000e+00
7.8225	0.0000e+00
7.8250	0.0000e+00
7.8275	0.0000e+00
7.8300	0.0000e+00
7.8325	0.0000e+00
7.8350	0.0000e+00
7.8375	0.0000e+00
7.8400	0.0000e+00
7.8425	0.0000e+00
7.8450	0.0000e+00
7.8475	0.0000e+00
7.8500	0.0000e+00
7.8525	0.0000e+00
7.8550	0.0000e+00
7.8575	0.0000e+00
7.8600	0.0000e+00
7.8625	0.0000e+00
7.8650	0.0000e+00
7.8675	0.0000e+00
7.8700	0.0000e+00
7.8725	0.0000e+00
7.8750	0.0000e+00
7.8775	0.0000e+00
7.8800	0.0000e+00
7.8825	0.0000e+00
7.8850	0.0000e+00
7.8875	0.0000e+00
7.8900	0.0000e+00
7.8925	0.0000e+00
7.8950	0.0000e+00
7.8975	0.0000e+00
7.9000	0.0000e+00
7.9025	0.0000e+00
7.9050	0.0000e+00
7.9075	0.0000e+00
7.9100	0.0000e+00
7.9125	0.0000e+00
7.9150	0.0000e+00
7.9175	0.0000e+00
7.9200	0.0000e+00
7.9225	0.0000e+00
7.9250	0.0000e+00
7.9275	0.0000e+00
7.9300	0.0000e+00
7.9325	0.0000e+00
7.9350	0.0000e+00
7.9375	0.0000e+00
7.9400	0.0000e+00
7.9425	0.0000e+00
7.9450	0.0000e+00
7.9475	0.0000e+00
7.9500	0.0000e+00
7.9525	0.0000e+00
7.9550	0.0000e+00
7.9575	0.0000e+00
7.9600	0.0000e+00
7.9625	0.0000e+00
7.9650	0.0000e+00
7.9675	0.0000e+00
7.9700	0.0000e+00
7.9725	0.0000e+00
7.9750	0.0000e+00
7.9775	0.0000e+00
7.9800	0.0000e+00
7.9825	0.0000e+00
7.9850	0.0000e+00
7.9875	0.0000e+00
7.9900	0.0000e+00
7.9925	0.0000e+00
7.9950	0.0000e+00
7.9975	0.0000e+00
8.0000	0.0000e+00
8.0025	0.0000e+00
8.0050	0.0000e+00
8.0075	0.0000e+00
8.0100	0.0000e+00
8.0125	0.0000e+00
8.0150	0.0000e+00
8.0175	0.0000e+00
8.0200	0.0000e+00
8.0225	0.0000e+00
8.0250	0.0000e+00
8.0275	0.0000e+00
8.0300	0.0000e+00
8.0325	0.0000e+00
8.0350	0.0000e+00
8.0375	0.0000e+00
8.0400	0.0000e+00
8.0425	0.0000e+00
8.0450	0.0000e+00
8.0475	0.0000e+00
8.0500	0.0000e+00
8.0525	0.0000e+00
8.0550	0.0000e+00
8.0575	0.0000e+00
8.0600	0.0000e+00
8.0625	0.0000e+00
8.0650	0.0000e+00
8.0675	0.0000e+00
8.0700	0.0000e+00
8.0725	0.0000e+00
8.0750	0.0000e+00
8.0775	0.0000e+00
8.0800	0.0000e+00
8.0825	0.0000e+00
8.0850	0.0000e+00
8.0875	0.0000e+00
8.0900	0.0000e+00
8.0925	0.0000e+00
8.0950	0.0000e+00
8.0975	0.0000e+00
8.1000	0.0000e+00
8.1025	0.0000e+00
8.1050	0.0000e+00
8.1075	0.0000e+00
8.1100	0.0000e+00
8.1125	0.0000e+00
8.1150	0.0000e+00
8.1175	0.0000e+00
8.1200	0.0000e+00
8.1225	0.0000e+00
8.1250	0.0000e+00
8.1275	0.0000e+00
8.1300	0.0000e+00
8.1325	0.0000e+00
8.1350	0.0000e+00
8.1375	0.0000e+00
8.1400	0.0000e+00
8.1425	0.0000e+00
8.1450	0.0000e+00
8.1475	0.0000e+00
8.1500	0.0000e+00
8.1525	0.0000e+00
8.1550	0.0000e+00
8.1575	0.0000e+00
8.1600	0.0000e+00
8.1625	0.0000e+00
8.1650	0.0000e+00
8.1675	0.0000e+00
8.1700	0.0000e+00
8.1725	0.0000e+00
8.1750	0.0000e+00
8.1775	0.0000e+00
8.1800	0.0000e+00
8.1825	0.0000e+00
8.1850	0.0000e+00
8.1875	0.0000e+00
8.1900	0.0000e+00
8.1925	0.0000e+00
8.1950	0.0000e+00
8.1975	0.0000e+00
8.2000	0.0000e+00
8.2025	0.0000e+00
8.2050	0.0000e+00
8.2075	0.0000e+00
8.2100	0.0000e+00
8.2125	0.0000e+00
8.2150	0.0000e+00
8.2175	0.0000e+00
8.2200	0.0000e+00
8.2225	0.0000e+00
8.2250	0.0000e+00
8.2275	0.0000e+00
8.2300	0.0000e+00
8.2325	0.0000e+00
8.2350	0.0000e+00
8.2375	0.0000e+00
8.2400	0.0000e+00
8.2425	0.0000e+00
8.2450	0.0000e+00
8.2475	0.0000e+00
8.2500	0.0000e+00
8.2525	0.0000e+00
8.2550	0.0000e+00
8.2575	0.0000e+00
8.2600	0.0000e+00
8.2625	0.0000e+00
8.2650	0.0000e+00
8.2675	0.0000e+00
8.2700	0.0000e+00
8.2725	0.0000e+00
8.2750	0.0000e+00
8.2775	0.0000e+00
8.2800	0.0000e+00
8.2825	0.0000e+00
8.2850	0.0000e+00
8.2875	0.0000e+00
8.2900	0.0000e+00
8.2925	0.0000e+00
8.2950	0.0000e+00
8.2975	0.0000e+00
8.3000	0.0000e+00
8.3025	0.0000e+00
8.3050	0.0000e+00
8.3075	0.0000e+00
8.3100	0.0000e+00
8.3125	0.0000e+00
8.3150	0.0000e+00
8.3175	0.0000e+00
8.3200	0.0000e+00
8.3225	0.0000e+00
8.3250	0.0000e+00
8.3275	0.0000e+00
8.3300	0.0000e+00
8.3325	0.0000e+00
8.3350	0.0000e+00
8.3375	0.0000e+00
8.3400	0.0000e+00
8.3425	0.0000e+00
8.3450	0.0000e+00
8.3475	0.0000e+00
8.3500	0.0000e+00
8.3525	0.0000e+00
8.3550	0.0000e+00
8.3575	0.0000e+00
8.3600	0.0000e+00
8.3625	0.0000e+00
8.3650	0.0000e+00
8.3675	0.0000e+00
8.3700	0.0000e+00
8.3725	0.0000e+00
8.3750	0.0000e+00
8.3775	0.0000e+00
8.3800	0.0000e+00
8.3825	0.0000e+00
8.3850	0.0000e+00
8.3875	1.6466e-01
8.3900	3.4655e-01
8.3925	5.2845e-01
8.3950	7.1035e-01
8.3975	8.9225e-01
8.4000	1.0741e+00
8.4025	1.2560e+00
8.4050	1.4379e+00
8.4075	1.6198e+00
8.4100	1.4724e+00
8.4125	1.2905e+00
8.4150	1.1086e+00
8.4175	9.2673e-01
8.4200	7.4483e-01
8.4225	5.6293e-01
8.4250	3.8104e-01
8.4275	1.9914e-01
8.4300	0.0000e+00
8.4325	0.0000e+00
8.4350	0.0000e+00
8.4375	0.0000e+00
8.4400	0.0000e+00
8.4425	0.0000e+00
8.4450	0.0000e+00
8.4475	0.0000e+00
8.4500	0.0000e+00
8.4525	0.0000e+00
8.4550	0.0000e+00
8.4575	0.0000e+00
8.4600	0.0000e+00
8.4625	0.0000e+00
8.4650	0.0000e+00
8.4675	0.0000e+00
8.4700	0.0000e+00
8.4725	0.0000e+00
8.4750	0.0000e+00
8.4775	0.0000e+00
8.4800	0.0000e+00
8.4825	0.0000e+00
8.4850	0.0000e+00
8.4875	0.0000e+00
8.4900	0.0000e+00
8.4925	0.0000e+00
8.4950	0.0000e+00
8.4975	0.0000e+00
8.5000	0.0000e+00
8.5025	0.0000e+00
8.5050	0.0000e+00
8.5075	0.0000e+00
8.5100	0.0000e+00
8.5125	0.0000e+00
8.5150	0.0000e+00
8.5175	0.0000e+00
8.5200	0.0000e+00
8.5225	0.0000e+00
8.5250	0.0000e+00
8.5275	0.0000e+00
8.5300	0.0000e+00
8.5325	0.0000e+00
8.5350	0.0000e+00
8.5375	0.0000e+00
8.5400	0.0000e+00
8.5425	0.0000e+00
8.5450	0.0000e+00
8.5475	0.0000e+00
8.5500	0.0000e+00
8.5525	0.0000e+00
8.5550	0.0000e+00
8.5575	0.0000e+00
8.5600	0.0000e+00
8.5625	0.0000e+00
8.5650	0.0000e+00
8.5675	0.0000e+00
8.5700	0.0000e+00
8.5725	0.0000e+00
8.5750	0.0000e+00
8.5775	0.0000e+00
8.5800	0.0000e+00
8.5825	0.0000e+00
8.5850	0.0000e+00
8.5875	0.0000e+00
8.5900	0.0000e+00
8.5925	0.0000e+00
8.5950	0.0000e+00
8.5975	0.0000e+00
8.6000	0.0000e+00
8.6025	0.0000e+00
8.6050	0.0000e+00
8.6075	0.0000e+00
8.6100	0.0000e+00
8.6125	0.0000e+00
8.6150	0.0000e+00
8.6175	0.0000e+00
8.6200	0.0000e+00
8.6225	0.0000e+00
8.6250	0.0000e+00
8.6275	0.0000e+00
8.6300	0.0000e+00
8.6325	0.0000e+00
8.6350	0.0000e+00
8.6375	0.0000e+00
8.6400	0.0000e+00
8.6425	0.0000e+00
8.6450	0.0000e+00
8.6475	0.0000e+00
8.6500	0.0000e+00
8.6525	0.0000e+00
8.6550	0.0000e+00
8.6575	0.0000e+00
8.6600	0.0000e+00
8.6625	0.0000e+00
8.6650	0.0000e+00
8.6675	0.0000e+00
8.6700	0.0000e+00
8.6725	0.0000e+00
8.6750	0.0000e+00
8.6775	0.0000e+00
8.6800	0.0000e+00
8.6825	0.0000e+00
8.6850	0.0000e+00
8.6875	0.0000e+00
8.6900	0.0000e+00
8.6925	0.0000e+00
8.6950	0.0000e+00
8.6975	0.0000e+00
8.7000	0.0000e+00
8.7025	0.0000e+00
8.7050	0.0000e+00
8.7075	0.0000e+00
8.7100	0.0000e+00
8.7125	0.0000e+00
8.7150	0.0000e+00
8.7175	0.0000e+00
8.7200	0.0000e+00
8.7225	0.0000e+00
8.7250	0.0000e+00
8.7275	0.0000e+00
8.7300	0.0000e+00
8.7325	0.0000e+00
8.7350	0.0000e+00
8.7375	0.0000e+00
8.7400	0.0000e+00
8.7425	0.0000e+00
8.7450	0.0000e+00
8.7475	0.0000e+00
8.7500	0.0000e+00
8.7525	0.0000e+00
8.7550	0.0000e+00
8.7575	0.0000e+00
8.7600	0.0000e+00
8.7625	0.0000e+00
8.7650	0.0000e+00
8.7675	0.0000e+00
8.7700	0.0000e+00
8.7725	0.0000e+00
8.7750	0.0000e+00
8.7775	0.0000e+00
8.7800	0.0000e+00
8.7825	0.0000e+00
8.7850	0.0000e+00
8.7875	0.0000e+00
8.7900	0.0000e+00
8.7925	0.0000e+00
8.7950	0.0000e+00
8.7975	0.0000e+00
8.8000	0.0000e+00
8.8025	0.0000e+00
8.8050	0.0000e+00
8.8075	0.0000e+00
8.8100	0.0000e+00
8.8125	0.0000e+00
8.8150	0.0000e+00
8.8175	0.0000e+00
8.8200	0.0000e+00
8.8225	0.0000e+00
8.8250	0.0000e+00
8.8275	0.0000e+00
8.8300	0.0000e+00
8.8325	0.0000e+00
8.8350	0.0000e+00
8.8375	0.0000e+00
8.8400	0.0000e+00
8.8425	0.0000e+00
8.8450	0.0000e+00
8.8475	0.0000e+00
8.8500	0.0000e+00
8.8525	0.0000e+00
8.8550	0.0000e+00
8.8575	0.0000e+00
8.8600	0.0000e+00
8.8625	0.0000e+00
8.8650	0.0000e+00
8.8675	0.0000e+00
8.8700	0.0000e+00
8.8725	0.0000e+00
8.8750	0.0000e+00
8.8775	0.0000e+00
8.8800	0.0000e+00
8.8825	0.0000e+00
8.8850	0.0000e+00
8.8875	0.0000e+00
8.8900	0.0000e+00
8.8925	0.0000e+00
8.8950	0.0000e+00
8.8975	0.0000e+00
8.9000	0.0000e+00
8.9025	0.0000e+00
8.9050	0.0000e+00
8.9075	0.0000e+00
8.9100	0.0000e+00
8.9125	0.0000e+00
8.9150	0.0000e+00
8.9175	0.0000e+00
8.9200	0.0000e+00
8.9225	0.0000e+00
8.9250	0.0000e+00
8.9275	0.0000e+00
8.9300	0.0000e+00
8.9325	0.0000e+00
8.9350	0.0000e+00
8.9375	0.0000e+00
8.9400	0.0000e+00
8.9425	0.0000e+00
8.9450	0.0000e+00
8.9475	0.0000e+00
8.9500	0.0000e+00
8.9525	0.0000e+00
8.9550	0.0000e+00
8.9575	0.0000e+00
8.9600	0.0000e+00
8.9625	0.0000e+00
8.9650	0.0000e+00
8.9675	0.0000e+00
8.9700	0.0000e+00
8.9725	0.0000e+00
8.9750	0.0000e+00
8.9775	0.0000e+00
8.9800	0.0000e+00
8.9825	0.0000e+00
8.9850	0.0000e+00
8.9875	0.0000e+00
8.9900	0.0000e+00
8.9925	0.0000e+00
8.9950	0.0000e+00
8.9975	0.0000e+00
9.0000	0.0000e+00
9.0025	0.0000e+00
9.0050	0.0000e+00
9.0075	0.0000e+00
9.0100	0.0000e+00
9.0125	0.0000e+00
9.0150	0.0000e+00
9.0175	0.0000e+00
9.0200	0.0000e+00
9.0225	0.0000e+00
9.0250	0.0000e+00
9.0275	0.0000e+00
9.0300	0.0000e+00
9.0325	0.0000e+00
9.0350	0.0000e+00
9.0375	0.0000e+00
9.0400	0.0000e+00
9.0425	0.0000e+00
9.0450	0.0000e+00
9.0475	0.0000e+00
9.0500	0.0000e+00
9.0525	0.0000e+00
9.0550	0.0000e+00
9.0575	0.0000e+00
9.0600	0.0000e+00
9.0625	0.0000e+00
9.0650	0.0000e+00
9.0675	0.0000e+00
9.0700	0.0000e+00
9.0725	0.0000e+00
9.0750	0.0000e+00
9.0775	0.0000e+00
9.0800	0.0000e+00
9.0825	0.0000e+00
9.0850	0.0000e+00
9.0875	0.0000e+00
9.0900	0.0000e+00
9.0925	0.0000e+00
9.0950	0.0000e+00
9.0975	0.0000e+00
9.1000	0.0000e+00
9.1025	0.0000e+00
9.1050	0.0000e+00
9.1075	0.0000e+00
9.1100	0.0000e+00
9.1125	0.0000e+00
9.1150	0.0000e+00
9.1175	0.0000e+00
9.1200	0.0000e+00
9.1225	0.0000e+00
9.1250	0.0000e+00
9.1275	0.0000e+00
9.1300	0.0000e+00
9.1325	0.0000e+00
9.1350	0.0000e+00
9.1375	0.0000e+00
9.1400	0.0000e+00
9.1425	0.0000e+00
9.1450	0.0000e+00
9.1475	0.0000e+00
9.1500	0.0000e+00
9.1525	0.0000e+00
9.1550	0.0000e+00
9.1575	0.0000e+00
9.1600	0.0000e+00
9.1625	0.0000e+00
9.1650	0.0000e+00
9.1675	0.0000e+00
9.1700	0.0000e+00
9.1725	0.0000e+00
9.1750	0.0000e+00
9.1775	0.0000e+00
9.1800	0.0000e+00
9.1825	0.0000e+00
9.1850	0.0000e+00
9.1875	0.0000e+00
9.1900	0.0000e+00
9.1925	0.0000e+00
9.1950	0.0000e+00
9.1975	0.0000e+00
9.2000	0.0000e+00
9.2025	0.0000e+00
9.2050	0.0000e+00
9.2075	0.0000e+00
9.2100	0.0000e+00
9.2125	0.0000e+00
9.2150	0.0000e+00
9.2175	0.0000e+00
9.2200	0.0000e+00
9.2225	0.0000e+00
9.2250	0.0000e+00
9.2275	0.0000e+00
9.2300	0.0000e+00
9.2325	0.0000e+00
9.2350	0.0000e+00
9.2375	0.0000e+00
9.2400	0.0000e+00
9.2425	0.0000e+00
9.2450	0.0000e+00
9.2475	0.0000e+00
9.2500	0.0000e+00
9.2525	0.0000e+00
9.2550	0.0000e+00
9.2575	0.0000e+00
9.2600	0.0000e+00
9.2625	0.0000e+00
9.2650	0.0000e+00
9.2675	0.0000e+00
9.2700	0.0000e+00
9.2725	0.0000e+00
9.2750	0.0000e+00
9.2775	0.0000e+00
9.2800	0.0000e+00
9.2825	0.0000e+00
9.2850	0.0000e+00
9.2875	0.0000e+00
9.2900	0.0000e+00
9.2925	0.0000e+00
9.2950	0.0000e+00
9.2975	0.0000e+00
9.3000	0.0000e+00
9.3025	0.0000e+00
9.3050	0.0000e+00
9.3075	0.0000e+00
9.3100	0.0000e+00
9.3125	0.0000e+00
9.3150	0.0000e+00
9.3175	0.0000e+00
9.3200	0.0000e+00
9.3225	0.0000e+00
9.3250	0.0000e+00
9.3275	0.0000e+00
9.3300	0.0000e+00
9.3325	0.0000e+00
9.3350	0.0000e+00
9.3375	0.0000e+00
9.3400	0.0000e+00
9.3425	0.0000e+00
9.3450	0.0000e+00
9.3475	0.0000e+00
9.3500	0.0000e+00
9.3525	0.0000e+00
9.3550	0.0000e+00
9.3575	0.0000e+00
9.3600	0.0000e+00
9.3625	0.0000e+00
9.3650	0.0000e+00
9.3675	0.0000e+00
9.3700	0.0000e+00
9.3725	0.0000e+00
9.3750	0.0000e+00
9.3775	0.0000e+00
9.3800	0.0000e+00
9.3825	0.0000e+00
9.3850	0.0000e+00
9.3875	0.0000e+00
9.3900	0.0000e+00
9.3925	0.0000e+00
9.3950	0.0000e+00
9.3975	0.0000e+00
9.4000	0.0000e+00
9.4025	0.0000e+00
9.4050	0.0000e+00
9.4075	0.0000e+00
9.4100	0.0000e+00
9.4125	0.0000e+00
9.4150	0.0000e+00
9.4175	0.0000e+00
9.4200	0.0000e+00
9.4225	0.0000e+00
9.4250	0.0000e+00
9.4275	0.0000e+00
9.4300	0.0000e+00
9.4325	0.0000e+00
9.4350	0.0000e+00
9.4375	0.0000e+00
9.4400	0.0000e+00
9.4425	0.0000e+00
9.4450	0.0000e+00
9.4475	0.0000e+00
9.4500	0.0000e+00
9.4525	0.0000e+00
9.4550	0.0000e+00
9.4575	0.0000e+00
9.4600	0.0000e+00
9.4625	0.0000e+00
9.4650	0.0000e+00
9.4675	0.0000e+00
9.4700	0.0000e+00
9.4725	0.0000e+00
9.4750	0.0000e+00
9.4775	0.0000e+00
9.4800	0.0000e+00
9.4825	0.0000e+00
9.4850	0.0000e+00
9.4875	0.0000e+00
9.4900	0.0000e+00
9.4925	0.0000e+00
9.4950	0.0000e+00
9.4975	0.0000e+00
9.5000	0.0000e+00
9.5025	0.0000e+00
9.5050	0.0000e+00
9.5075	0.0000e+00
9.5100	0.0000e+00
9.5125	0.0000e+00
9.5150	0.0000e+00
9.5175	0.0000e+00
9.5200	0.0000e+00
9.5225	0.0000e+00
9.5250	0.0000e+00
9.5275	0.0000e+00
9.5300	0.0000e+00
9.5325	0.0000e+00
9.5350	0.0000e+00
9.5375	0.0000e+00
9.5400	0.0000e+00
9.5425	0.0000e+00
9.5450	0.0000e+00
9.5475	0.0000e+00
9.5500	0.0000e+00
9.5525	0.0000e+00
9.5550	0.0000e+00
9.5575	0.0000e+00
9.5600	0.0000e+00
9.5625	0.0000e+00
9.5650	0.0000e+00
9.5675	0.0000e+00
9.5700	0.0000e+00
9.5725	0.0000e+00
9.5750	0.0000e+00
9.5775	0.0000e+00
9.5800	0.0000e+00
9.5825	0.0000e+00
9.5850	0.0000e+00
9.5875	0.0000e+00
9.5900	0.0000e+00
9.5925	0.0000e+00
9.5950	0.0000e+00
9.5975	0.0000e+00
9.6000	0.0000e+00
9.6025	0.0000e+00
9.6050	0.0000e+00
9.6075	0.0000e+00
9.6100	0.0000e+00
9.6125	0.0000e+00
9.6150	0.0000e+00
9.6175	0.0000e+00
9.6200	0.0000e+00
9.6225	0.0000e+00
9.6250	0.0000e+00
9.6275	0.0000e+00
9.6300	0.0000e+00
9.6325	0.0000e+00
9.6350	0.0000e+00
9.6375	0.0000e+00
9.6400	0.0000e+00
9.6425	0.0000e+00
9.6450	0.0000e+00
9.6475	0.0000e+00
9.6500	0.0000e+00
9.6525	0.0000e+00
9.6550	0.0000e+00
9.6575	0.0000e+00
9.6600	0.0000e+00
9.6625	0.0000e+00
9.6650	0.0000e+00
9.6675	0.0000e+00
9.6700	0.0000e+00
9.6725	0.0000e+00
9.6750	0.0000e+00
9.6775	0.0000e+00
9.6800	0.0000e+00
9.6825	0.0000e+00
9.6850	0.0000e+00
9.6875	0.0000e+00
9.6900	0.0000e+00
9.6925	0.0000e+00
9.6950	0.0000e+00
9.6975	0.0000e+00
9.7000	0.0000e+00
9.7025	0.0000e+00
9.7050	0.0000e+00
9.7075	0.0000e+00
9.7100	0.0000e+00
9.7125	0.0000e+00
9.7150	0.0000e+00
9.7175	0.0000e+00
9.7200	0.0000e+00
9.7225	0.0000e+00
9.7250	0.0000e+00
9.7275	0.0000e+00
9.7300	0.0000e+00
9.7325	0.0000e+00
9.7350	0.0000e+00
9.7375	0.0000e+00
9.7400	0.0000e+00
9.7425	0.0000e+00
9.7450	0.0000e+00
9.7475	0.0000e+00
9.7500	0.0000e+00
9.7525	0.0000e+00
9.7550	0.0000e+00
9.7575	0.0000e+00
9.7600	0.0000e+00
9.7625	0.0000e+00
9.7650	0.0000e+00
9.7675	0.0000e+00
9.7700	0.0000e+00
9.7725	0.0000e+00
9.7750	0.0000e+00
9.7775	0.0000e+00
9.7800	0.0000e+00
9.7825	0.0000e+00
9.7850	0.0000e+00
9.7875	0.0000e+00
9.7900	0.0000e+00
9.7925	0.0000e+00
9.7950	0.0000e+00
9.7975	0.0000e+00
9.8000	0.0000e+00
9.8025	0.0000e+00
9.8050	0.0000e+00
9.8075	0.0000e+00
9.8100	0.0000e+00
9.8125	0.0000e+00
9.8150	0.0000e+00
9.8175	0.0000e+00
9.8200	0.0000e+00
9.8225	0.0000e+00
9.8250	0.0000e+00
9.8275	0.0000e+00
9.8300	0.0000e+00
9.8325	0.0000e+00
9.8350	0.0000e+00
9.8375	0.0000e+00
9.8400	1.8447e-02
9.8425	2.2144e-01
9.8450	4.2442e-01
9.8475	6.2741e-01
9.8500	8.3040e-01
9.8525	1.0334e+00
9.8550	1.2364e+00
9.8575	1.4394e+00
9.8600	1.6424e+00
9.8625	1.8085e+00
9.8650	1.6055e+00
9.8675	1.4025e+00
9.8700	1.1995e+00
9.8725	9.9650e-01
9.8750	7.9351e-01
9.8775	5.9052e-01
9.8800	3.8753e-01
9.8825	0.0000e+00
9.8850	0.0000e+00
9.8875	0.0000e+00
9.8900	0.0000e+00
9.8925	0.0000e+00
9.8950	0.0000e+00
9.8975	0.0000e+00
9.9000	0.0000e+00
9.9025	0.0000e+00
9.9050	0.0000e+00
9.9075	0.0000e+00
9.9100	0.0000e+00
9.9125	0.0000e+00
9.9150	0.0000e+00
9.9175	0.0000e+00
9.9200	0.0000e+00
9.9225	0.0000e+00
9.9250	0.0000e+00
9.9275	0.0000e+00
9.9300	0.0000e+00
9.9325	0.0000e+00
9.9350	0.0000e+00
9.9375	0.0000e+00
9.9400	0.0000e+00
9.9425	0.0000e+00
9.9450	0.0000e+00
9.9475	0.0000e+00
9.9500	0.0000e+00
9.9525	0.0000e+00
9.9550	0.0000e+00
9.9575	0.0000e+00
9.9600	0.0000e+00
9.9625	0.0000e+00
9.9650	0.0000e+00
9.9675	0.0000e+00
9.9700	0.0000e+00
9.9725	0.0000e+00
9.9750	0.0000e+00
9.9775	0.0000e+00
9.9800	0.0000e+00
9.9825	0.0000e+00
9.9850	0.0000e+00
9.9875	0.0000e+00
9.9900	0.0000e+00
9.9925	0.0000e+00
9.9950	0.0000e+00
9.9975	0.0000e+00
10.0000	0.0000e+00
10.0025	0.0000e+00
10.0050	0.0000e+00
10.0075	0.0000e+00
10.0100	0.0000e+00
10.0125	0.0000e+00
10.0150	0.0000e+00
10.0175	0.0000e+00
10.0200	0.0000e+00
10.0225	0.0000e+00
10.0250	0.0000e+00
10.0275	0.0000e+00
10.0300	0.0000e+00
10.0325	0.0000e+00
10.0350	0.0000e+00
10.0375	0.0000e+00
10.0400	0.0000e+00
10.0425	0.0000e+00
10.0450	0.0000e+00
10.0475	0.0000e+00
10.0500	0.0000e+00
10.0525	0.0000e+00
10.0550	0.0000e+00
10.0575	0.0000e+00
10.0600	0.0000e+00
10.0625	0.0000e+00
10.0650	0.0000e+00
10.0675	0.0000e+00
10.0700	0.0000e+00
10.0725	0.0000e+00
10.0750	0.0000e+00
10.0775	0.0000e+00
10.0800	0.0000e+00
10.0825	0.0000e+00
10.0850	0.0000e+00
10.0875	0.0000e+00
10.0900	0.0000e+00
10.0925	0.0000e+00
10.0950	0.0000e+00
10.0975	0.0000e+00
10.1000	0.0000e+00
10.1025	0.0000e+00
10.1050	0.0000e+00
10.1075	0.0000e+00
10.1100	0.0000e+00
10.1125	0.0000e+00
10.1150	0.0000e+00
10.1175	0.0000e+00
10.1200	0.0000e+00
10.1225	0.0000e+00
10.1250	0.0000e+00
10.1275	0.0000e+00
10.1300	0.0000e+00
10.1325	0.0000e+00
10.1350	0.0000e+00
10.1375	0.0000e+00
10.1400	0.0000e+00
10.1425	0.0000e+00
10.1450	0.0000e+00
10.1475	0.0000e+00
10.1500	0.0000e+00
10.1525	0.0000e+00
10.1550	0.0000e+00
10.1575	0.0000e+00
10.1600	0.0000e+00
10.1625	0.0000e+00
10.1650	0.0000e+00
10.1675	0.0000e+00
10.1700	0.0000e+00
10.1725	0.0000e+00
10.1750	0.0000e+00
10.1775	0.0000e+00
10.1800	0.0000e+00
10.1825	0.0000e+00
10.1850	0.0000e+00
10.1875	0.0000e+00
10.1900	0.0000e+00
10.1925	0.0000e+00
10.1950	0.0000e+00
10.1975	0.0000e+00
10.2000	0.0000e+00
10.2025	0.0000e+00
10.2050	0.0000e+00
10.2075	0.0000e+00
10.2100	0.0000e+00
10.2125	0.0000e+00
10.2150	0.0000e+00
10.2175	0.0000e+00
10.2200	0.0000e+00
10.2225	0.0000e+00
10.2250	0.0000e+00
10.2275	0.0000e+00
10.2300	0.0000e+00
10.2325	0.0000e+00
10.2350	0.0000e+00
10.2375	0.0000e+00
10.2400	0.0000e+00
10.2425	0.0000e+00
10.2450	0.0000e+00
10.2475	0.0000e+00
10.2500	0.0000e+00
10.2525	0.0000e+00
10.2550	0.0000e+00
10.2575	0.0000e+00
10.2600	0.0000e+00
10.2625	0.0000e+00
10.2650	0.0000e+00
10.2675	0.0000e+00
10.2700	0.0000e+00
10.2725	0.0000e+00
10.2750	0.0000e+00
10.2775	0.0000e+00
10.2800	1.2123e-02
10.2825	6.9074e-02
10.2850	1.2602e-01
10.2875	1.8298e-01
10.2900	2.3993e-01
10.2925	2.9688e-01
10.2950	3.5383e-01
10.2975	4.1078e-01
10.3000	4.6773e-01
10.3025	5.0044e-01
10.3050	4.4349e-01
10.3075	3.8653e-01
10.3100	3.2958e-01
10.3125	2.7263e-01
10.3150	2.1568e-01
10.3175	1.5873e-01
10.3200	1.0178e-01
10.3225	0.0000e+00
10.3250	0.0000e+00
10.3275	0.0000e+00
10.3300	0.0000e+00
10.3325	0.0000e+00
10.3350	0.0000e+00
10.3375	0.0000e+00
10.3400	0.0000e+00
10.3425	0.0000e+00
10.3450	0.0000e+00
10.3475	0.0000e+00
10.3500	0.0000e+00
10.3525	0.0000e+00
10.3550	0.0000e+00
10.3575	0.0000e+00
10.3600	0.0000e+00
10.3625	0.0000e+00
10.3650	0.0000e+00
10.3675	0.0000e+00
10.3700	0.0000e+00
10.3725	0.0000e+00
10.3750	0.0000e+00
10.3775	0.0000e+00
10.3800	0.0000e+00
10.3825	0.0000e+00
10.3850	0.0000e+00
10.3875	0.0000e+00
10.3900	0.0000e+00
10.3925	0.0000e+00
10.3950	0.0000e+00
10.3975	0.0000e+00
10.4000	0.0000e+00
10.4025	0.0000e+00
10.4050	0.0000e+00
10.4075	0.0000e+00
10.4100	0.0000e+00
10.4125	0.0000e+00
10.4150	0.0000e+00
10.4175	0.0000e+00
10.4200	0.0000e+00
10.4225	0.0000e+00
10.4250	0.0000e+00
10.4275	0.0000e+00
10.4300	0.0000e+00
10.4325	0.0000e+00
10.4350	0.0000e+00
10.4375	0.0000e+00
10.4400	0.0000e+00
10.4425	0.0000e+00
10.4450	0.0000e+00
10.4475	0.0000e+00
10.4500	0.0000e+00
10.4525	0.0000e+00
10.4550	0.0000e+00
10.4575	0.0000e+00
10.4600	0.0000e+00
10.4625	0.0000e+00
10.4650	0.0000e+00
10.4675	0.0000e+00
10.4700	0.0000e+00
10.4725	0.0000e+00
10.4750	0.0000e+00
10.4775	0.0000e+00
10.4800	0.0000e+00
10.4825	0.0000e+00
10.4850	0.0000e+00
10.4875	0.0000e+00
10.4900	0.0000e+00
10.4925	0.0000e+00
10.4950	0.0000e+00
10.4975	0.0000e+00
10.5000	0.0000e+00
10.5025	0.0000e+00
10.5050	0.0000e+00
10.5075	0.0000e+00
10.5100	0.0000e+00
10.5125	0.0000e+00
10.5150	0.0000e+00
10.5175	0.0000e+00
10.5200	0.0000e+00
10.5225	0.0000e+00
10.5250	0.0000e+00
10.5275	0.0000e+00
10.5300	0.0000e+00
10.5325	0.0000e+00
10.5350	0.0000e+00
10.5375	0.0000e+00
10.5400	0.0000e+00
10.5425	0.0000e+00
10.5450	0.0000e+00
10.5475	0.0000e+00
10.5500	0.0000e+00
10.5525	0.0000e+00
10.5550	0.0000e+00
10.5575	0.0000e+00
10.5600	0.0000e+00
10.5625	0.0000e+00
10.5650	0.0000e+00
10.5675	0.0000e+00
10.5700	0.0000e+00
10.5725	0.0000e+00
10.5750	0.0000e+00
10.5775	0.0000e+00
10.5800	0.0000e+00
10.5825	0.0000e+00
10.5850	0.0000e+00
10.5875	0.0000e+00
10.5900	0.0000e+00
10.5925	0.0000e+00
10.5950	0.0000e+00
10.5975	0.0000e+00
10.6000	0.0000e+00
10.6025	0.0000e+00
10.6050	0.0000e+00
10.6075	0.0000e+00
10.6100	0.0000e+00
10.6125	0.0000e+00
10.6150	0.0000e+00
10.6175	0.0000e+00
10.6200	0.0000e+00
10.6225	0.0000e+00
10.6250	0.0000e+00
10.6275	0.0000e+00
10.6300	0.0000e+00
10.6325	0.0000e+00
10.6350	0.0000e+00
10.6375	0.0000e+00
10.6400	0.0000e+00
10.6425	0.0000e+00
10.6450	0.0000e+00
10.6475	0.0000e+00
10.6500	0.0000e+00
10.6525	0.0000e+00
10.6550	0.0000e+00
10.6575	0.0000e+00
10.6600	0.0000e+00
10.6625	0.0000e+00
10.6650	0.0000e+00
10.6675	0.0000e+00
10.6700	0.0000e+00
10.6725	0.0000e+00
10.6750	0.0000e+00
10.6775	0.0000e+00
10.6800	0.0000e+00
10.6825	0.0000e+00
10.6850	0.0000e+00
10.6875	0.0000e+00
10.6900	0.0000e+00
10.6925	0.0000e+00
10.6950	0.0000e+00
10.6975	0.0000e+00
10.7000	0.0000e+00
10.7025	0.0000e+00
10.7050	0.0000e+00
10.7075	0.0000e+00
10.7100	0.0000e+00
10.7125	0.0000e+00
10.7150	0.0000e+00
10.7175	0.0000e+00
10.7200	0.0000e+00
10.7225	0.0000e+00
10.7250	0.0000e+00
10.7275	0.0000e+00
10.7300	0.0000e+00
10.7325	0.0000e+00
10.7350	0.0000e+00
10.7375	0.0000e+00
10.7400	0.0000e+00
10.7425	0.0000e+00
10.7450	0.0000e+00
10.7475	0.0000e+00
10.7500	0.0000e+00
10.7525	0.0000e+00
10.7550	0.0000e+00
10.7575	0.0000e+00
10.7600	0.0000e+00
10.7625	0.0000e+00
10.7650	0.0000e+00
10.7675	0.0000e+00
10.7700	0.0000e+00
10.7725	0.0000e+00
10.7750	0.0000e+00
10.7775	0.0000e+00
10.7800	0.0000e+00
10.7825	0.0000e+00
10.7850	0.0000e+00
10.7875	0.0000e+00
10.7900	0.0000e+00
10.7925	0.0000e+00
10.7950	0.0000e+00
10.7975	0.0000e+00
10.8000	0.0000e+00
10.8025	0.0000e+00
10.8050	0.0000e+00
10.8075	0.0000e+00
10.8100	0.0000e+00
10.8125	0.0000e+00
10.8150	0.0000e+00
10.8175	0.0000e+00
10.8200	0.0000e+00
10.8225	0.0000e+00
10.8250	0.0000e+00
10.8275	0.0000e+00
10.8300	0.0000e+00
10.8325	0.0000e+00
10.8350	0.0000e+00
10.8375	0.0000e+00
10.8400	0.0000e+00
10.8425	0.0000e+00
10.8450	0.0000e+00
10.8475	0.0000e+00
10.8500	0.0000e+00
10.8525	0.0000e+00
10.8550	0.0000e+00
10.8575	0.0000e+00
10.8600	0.0000e+00
10.8625	0.0000e+00
10.8650	0.0000e+00
10.8675	0.0000e+00
10.8700	0.0000e+00
10.8725	0.0000e+00
10.8750	0.0000e+00
10.8775	0.0000e+00
10.8800	0.0000e+00
10.8825	0.0000e+00
10.8850	0.0000e+00
10.8875	0.0000e+00
10.8900	0.0000e+00
10.8925	0.0000e+00
10.8950	0.0000e+00
10.8975	0.0000e+00
10.9000	0.0000e+00
10.9025	0.0000e+00
10.9050	0.0000e+00
10.9075	0.0000e+00
10.9100	0.0000e+00
10.9125	0.0000e+00
10.9150	0.0000e+00
10.9175	0.0000e+00
10.9200	0.0000e+00
10.9225	0.0000e+00
10.9250	0.0000e+00
10.9275	0.0000e+00
10.9300	0.0000e+00
10.9325	0.0000e+00
10.9350	0.0000e+00
10.9375	0.0000e+00
10.9400	0.0000e+00
10.9425	0.0000e+00
10.9450	0.0000e+00
10.9475	0.0000e+00
10.9500	0.0000e+00
10.9525	0.0000e+00
10.9550	0.0000e+00
10.9575	0.0000e+00
10.9600	0.0000e+00
10.9625	0.0000e+00
10.9650	0.0000e+00
10.9675	0.0000e+00
10.9700	0.0000e+00
10.9725	0.0000e+00
10.9750	0.0000e+00
10.9775	0.0000e+00
10.9800	0.0000e+00
10.9825	0.0000e+00
10.9850	0.0000e+00
10.9875	0.0000e+00
10.9900	0.0000e+00
10.9925	0.0000e+00
10.9950	0.0000e+00
10.9975	0.0000e+00
11.0000	0.0000e+00
11.0025	0.0000e+00
11.0050	0.0000e+00
11.0075	0.0000e+00
11.0100	0.0000e+00
11.0125	0.0000e+00
11.0150	0.0000e+00
11.0175	0.0000e+00
11.0200	0.0000e+00
11.0225	0.0000e+00
11.0250	0.0000e+00
11.0275	0.0000e+00
11.0300	0.0000e+00
11.0325	0.0000e+00
11.0350	0.0000e+00
11.0375	0.0000e+00
11.0400	0.0000e+00
11.0425	0.0000e+00
11.0450	0.0000e+00
11.0475	0.0000e+00
11.0500	0.0000e+00
11.0525	0.0000e+00
11.0550	0.0000e+00
11.0575	0.0000e+00
11.0600	0.0000e+00
11.0625	0.0000e+00
11.0650	0.0000e+00
11.0675	0.0000e+00
11.0700	0.0000e+00
11.0725	0.0000e+00
11.0750	0.0000e+00
11.0775	0.0000e+00
11.0800	0.0000e+00
11.0825	0.0000e+00
11.0850	0.0000e+00
11.0875	0.0000e+00
11.0900	0.0000e+00
11.0925	0.0000e+00
11.0950	0.0000e+00
11.0975	0.0000e+00
11.1000	0.0000e+00
11.1025	0.0000e+00
11.1050	0.0000e+00
11.1075	0.0000e+00
11.1100	0.0000e+00
11.1125	0.0000e+00
11.1150	0.0000e+00
11.1175	0.0000e+00
11.1200	0.0000e+00
11.1225	0.0000e+00
11.1250	0.0000e+00
11.1275	0.0000e+00
11.1300	0.0000e+00
11.1325	0.0000e+00
11.1350	0.0000e+00
11.1375	0.0000e+00
11.1400	0.0000e+00
11.1425	0.0000e+00
11.1450	0.0000e+00
11.1475	0.0000e+00
11.1500	0.0000e+00
11.1525	0.0000e+00
11.1550	0.0000e+00
11.1575	0.0000e+00
11.1600	0.0000e+00
11.1625	0.0000e+00
11.1650	0.0000e+00
11.1675	0.0000e+00
11.1700	0.0000e+00
11.1725	0.0000e+00
11.1750	0.0000e+00
11.1775	0.0000e+00
11.1800	0.0000e+00
11.1825	0.0000e+00
11.1850	0.0000e+00
11.1875	0.0000e+00
11.1900	0.0000e+00
11.1925	0.0000e+00
11.1950	0.0000e+00
11.1975	0.0000e+00
11.2000	0.0000e+00
11.2025	0.0000e+00
11.2050	0.0000e+00
11.2075	0.0000e+00
11.2100	0.0000e+00
11.2125	0.0000e+00
11.2150	0.0000e+00
11.2175	0.0000e+00
11.2200	0.0000e+00
11.2225	0.0000e+00
11.2250	0.0000e+00
11.2275	0.0000e+00
11.2300	0.0000e+00
11.2325	0.0000e+00
11.2350	0.0000e+00
11.2375	0.0000e+00
11.2400	0.0000e+00
11.2425	0.0000e+00
11.2450	0.0000e+00
11.2475	0.0000e+00
11.2500	0.0000e+00
11.2525	0.0000e+00
11.2550	0.0000e+00
11.2575	0.0000e+00
11.2600	0.0000e+00
11.2625	0.0000e+00
11.2650	0.0000e+00
11.2675	0.0000e+00
11.2700	0.0000e+00
11.2725	0.0000e+00
11.2750	0.0000e+00
11.2775	0.0000e+00
11.2800	0.0000e+00
11.2825	0.0000e+00
11.2850	0.0000e+00
11.2875	0.0000e+00
11.2900	0.0000e+00
11.2925	0.0000e+00
11.2950	0.0000e+00
11.2975	0.0000e+00
11.3000	0.0000e+00
11.3025	0.0000e+00
11.3050	0.0000e+00
11.3075	0.0000e+00
11.3100	0.0000e+00
11.3125	0.0000e+00
11.3150	0.0000e+00
11.3175	0.0000e+00
11.3200	0.0000e+00
11.3225	0.0000e+00
11.3250	0.0000e+00
11.3275	0.0000e+00
11.3300	0.0000e+00
11.3325	0.0000e+00
11.3350	0.0000e+00
11.3375	0.0000e+00
11.3400	0.0000e+00
11.3425	0.0000e+00
11.3450	0.0000e+00
11.3475	0.0000e+00
11.3500	0.0000e+00
11.3525	0.0000e+00
11.3550	0.0000e+00
11.3575	0.0000e+00
11.3600	0.0000e+00
11.3625	0.0000e+00
11.3650	0.0000e+00
11.3675	0.0000e+00
11.3700	0.0000e+00
11.3725	0.0000e+00
11.3750	0.0000e+00
11.3775	0.0000e+00
11.3800	0.0000e+00
11.3825	0.0000e+00
11.3850	0.0000e+00
11.3875	0.0000e+00
11.3900	0.0000e+00
11.3925	0.0000e+00
11.3950	0.0000e+00
11.3975	0.0000e+00
11.4000	0.0000e+00
11.4025	0.0000e+00
11.4050	0.0000e+00
11.4075	0.0000e+00
11.4100	0.0000e+00
11.4125	0.0000e+00
11.4150	0.0000e+00
11.4175	0.0000e+00
11.4200	0.0000e+00
11.4225	0.0000e+00
11.4250	0.0000e+00
11.4275	0.0000e+00
11.4300	0.0000e+00
11.4325	0.0000e+00
11.4350	0.0000e+00
11.4375	0.0000e+00
11.4400	0.0000e+00
11.4425	0.0000e+00
11.4450	0.0000e+00
11.4475	0.0000e+00
11.4500	0.0000e+00
11.4525	0.0000e+00
11.4550	0.0000e+00
11.4575	0.0000e+00
11.4600	0.0000e+00
11.4625	0.0000e+00
11.4650	0.0000e+00
11.4675	0.0000e+00
11.4700	0.0000e+00
11.4725	0.0000e+00
11.4750	0.0000e+00
11.4775	0.0000e+00
11.4800	0.0000e+00
11.4825	0.0000e+00
11.4850	0.0000e+00
11.4875	0.0000e+00
11.4900	0.0000e+00
11.4925	0.0000e+00
11.4950	0.0000e+00
11.4975	0.0000e+00
11.5000	0.0000e+00
11.5025	0.0000e+00
11.5050	0.0000e+00
11.5075	0.0000e+00
11.5100	0.0000e+00
11.5125	0.0000e+00
11.5150	0.0000e+00
11.5175	0.0000e+00
11.5200	0.0000e+00
11.5225	0.0000e+00
11.5250	0.0000e+00
11.5275	0.0000e+00
11.5300	0.0000e+00
11.5325	0.0000e+00
11.5350	0.0000e+00
11.5375	0.0000e+00
11.5400	0.0000e+00
11.5425	0.0000e+00
11.5450	0.0000e+00
11.5475	0.0000e+00
11.5500	0.0000e+00
11.5525	0.0000e+00
11.5550	0.0000e+00
11.5575	0.0000e+00
11.5600	0.0000e+00
11.5625	0.0000e+00
11.5650	0.0000e+00
11.5675	0.0000e+00
11.5700	0.0000e+00
11.5725	0.0000e+00
11.5750	0.0000e+00
11.5775	0.0000e+00
11.5800	0.0000e+00
11.5825	0.0000e+00
11.5850	0.0000e+00
11.5875	0.0000e+00
11.5900	0.0000e+00
11.5925	0.0000e+00
11.5950	0.0000e+00
11.5975	0.0000e+00
11.6000	0.0000e+00
11.6025	0.0000e+00
11.6050	0.0000e+00
11.6075	0.0000e+00
11.6100	0.0000e+00
11.6125	0.0000e+00
11.6150	0.0000e+00
11.6175	0.0000e+00
11.6200	0.0000e+00
11.6225	0.0000e+00
11.6250	0.0000e+00
11.6275	0.0000e+00
11.6300	0.0000e+00
11.6325	0.0000e+00
11.6350	0.0000e+00
11.6375	0.0000e+00
11.6400	0.0000e+00
11.6425	0.0000e+00
11.6450	0.0000e+00
11.6475	0.0000e+00
11.6500	0.0000e+00
11.6525	0.0000e+00
11.6550	0.0000e+00
11.6575	0.0000e+00
11.6600	0.0000e+00
11.6625	0.0000e+00
11.6650	0.0000e+00
11.6675	0.0000e+00
11.6700	0.0000e+00
11.6725	0.0000e+00
11.6750	0.0000e+00
11.6775	0.0000e+00
11.6800	0.0000e+00
11.6825	0.0000e+00
11.6850	0.0000e+00
11.6875	0.0000e+00
11.6900	0.0000e+00
11.6925	0.0000e+00
11.6950	0.0000e+00
11.6975	0.0000e+00
11.7000	0.0000e+00
11.7025	0.0000e+00
11.7050	0.0000e+00
11.7075	0.0000e+00
11.7100	0.0000e+00
11.7125	0.0000e+00
11.7150	0.0000e+00
11.7175	0.0000e+00
11.7200	0.0000e+00
11.7225	0.0000e+00
11.7250	0.0000e+00
11.7275	0.0000e+00
11.7300	0.0000e+00
11.7325	0.0000e+00
11.7350	0.0000e+00
11.7375	0.0000e+00
11.7400	0.0000e+00
11.7425	0.0000e+00
11.7450	0.0000e+00
11.7475	0.0000e+00
11.7500	0.0000e+00
11.7525	0.0000e+00
11.7550	0.0000e+00
11.7575	0.0000e+00
11.7600	0.0000e+00
11.7625	0.0000e+00
11.7650	0.0000e+00
11.7675	0.0000e+00
11.7700	0.0000e+00
11.7725	0.0000e+00
11.7750	0.0000e+00
11.7775	0.0000e+00
11.7800	0.0000e+00
11.7825	0.0000e+00
11.7850	0.0000e+00
11.7875	0.0000e+00
11.7900	0.0000e+00
11.7925	0.0000e+00
11.7950	0.0000e+00
11.7975	0.0000e+00
11.8000	0.0000e+00
11.8025	0.0000e+00
11.8050	0.0000e+00
11.8075	0.0000e+00
11.8100	0.0000e+00
11.8125	0.0000e+00
11.8150	0.0000e+00
11.8175	0.0000e+00
11.8200	0.0000e+00
11.8225	0.0000e+00
11.8250	0.0000e+00
11.8275	0.0000e+00
11.8300	0.0000e+00
11.8325	0.0000e+00
11.8350	0.0000e+00
11.8375	0.0000e+00
11.8400	0.0000e+00
11.8425	0.0000e+00
11.8450	0.0000e+00
11.8475	0.0000e+00
11.8500	0.0000e+00
11.8525	0.0000e+00
11.8550	0.0000e+00
11.8575	0.0000e+00
11.8600	0.0000e+00
11.8625	0.0000e+00
11.8650	0.0000e+00
11.8675	0.0000e+00
11.8700	0.0000e+00
11.8725	0.0000e+00
11.8750	0.0000e+00
11.8775	0.0000e+00
11.8800	1.3315e-02
11.8825	3.6320e-02
11.8850	5.9324e-02
11.8875	8.2329e-02
11.8900	1.0533e-01
11.8925	1.2834e-01
11.8950	1.5134e-01
11.8975	1.7435e-01
11.9000	1.9735e-01
11.9025	1.9373e-01
11.9050	1.7072e-01
11.9075	1.4772e-01
11.9100	1.2471e-01
11.9125	1.0171e-01
11.9150	7.8704e-02
11.9175	5.5699e-02
11.9200	3.2695e-02
11.9225	0.0000e+00
11.9250	0.0000e+00
11.9275	0.0000e+00
11.9300	0.0000e+00
11.9325	0.0000e+00
11.9350	0.0000e+00
11.9375	0.0000e+00
11.9400	0.0000e+00
11.9425	0.0000e+00
11.9450	0.0000e+00
11.9475	0.0000e+00
11.9500	0.0000e+00
11.9525	0.0000e+00
11.9550	0.0000e+00
11.9575	0.0000e+00
11.9600	0.0000e+00
11.9625	0.0000e+00
11.9650	0.0000e+00
11.9675	0.0000e+00
11.9700	0.0000e+00
11.9725	0.0000e+00
11.9750	0.0000e+00
11.9775	0.0000e+00
11.9800	0.0000e+00
11.9825	0.0000e+00
11.9850	0.0000e+00
11.9875	0.0000e+00
11.9900	0.0000e+00
11.9925	0.0000e+00
11.9950	0.0000e+00
11.9975	0.0000e+00
12.0000	0.0000e+00
12.0025	0.0000e+00
12.0050	0.0000e+00
12.0075	0.0000e+00
12.0100	0.0000e+00
12.0125	0.0000e+00
12.0150	0.0000e+00
12.0175	0.0000e+00
12.0200	0.0000e+00
12.0225	0.0000e+00
12.0250	0.0000e+00
12.0275	0.0000e+00
12.0300	0.0000e+00
12.0325	0.0000e+00
12.0350	0.0000e+00
12.0375	0.0000e+00
12.0400	0.0000e+00
12.0425	0.0000e+00
12.0450	0.0000e+00
12.0475	0.0000e+00
12.0500	0.0000e+00
12.0525	0.0000e+00
12.0550	0.0000e+00
12.0575	0.0000e+00
12.0600	0.0000e+00
12.0625	0.0000e+00
12.0650	0.0000e+00
12.0675	0.0000e+00
12.0700	0.0000e+00
12.0725	0.0000e+00
12.0750	0.0000e+00
12.0775	0.0000e+00
12.0800	0.0000e+00
12.0825	0.0000e+00
12.0850	0.0000e+00
12.0875	0.0000e+00
12.0900	0.0000e+00
12.0925	0.0000e+00
12.0950	0.0000e+00
12.0975	0.0000e+00
12.1000	0.0000e+00
12.1025	0.0000e+00
12.1050	0.0000e+00
12.1075	0.0000e+00
12.1100	0.0000e+00
12.1125	0.0000e+00
12.1150	0.0000e+00
12.1175	0.0000e+00
12.1200	0.0000e+00
12.1225	0.0000e+00
12.1250	0.0000e+00
12.1275	0.0000e+00
12.1300	0.0000e+00
12.1325	0.0000e+00
12.1350	0.0000e+00
12.1375	0.0000e+00
12.1400	0.0000e+00
12.1425	0.0000e+00
12.1450	0.0000e+00
12.1475	0.0000e+00
12.1500	0.0000e+00
12.1525	0.0000e+00
12.1550	0.0000e+00
12.1575	0.0000e+00
12.1600	0.0000e+00
12.1625	0.0000e+00
12.1650	0.0000e+00
12.1675	0.0000e+00
12.1700	0.0000e+00
12.1725	0.0000e+00
12.1750	0.0000e+00
12.1775	0.0000e+00
12.1800	0.0000e+00
12.1825	0.0000e+00
12.1850	0.0000e+00
12.1875	0.0000e+00
12.1900	0.0000e+00
12.1925	0.0000e+00
12.1950	0.0000e+00
12.1975	0.0000e+00
12.2000	0.0000e+00
12.2025	0.0000e+00
12.2050	0.0000e+00
12.2075	0.0000e+00
12.2100	0.0000e+00
12.2125	0.0000e+00
12.2150	0.0000e+00
12.2175	0.0000e+00
12.2200	0.0000e+00
12.2225	0.0000e+00
12.2250	0.0000e+00
12.2275	0.0000e+00
12.2300	0.0000e+00
12.2325	0.0000e+00
12.2350	0.0000e+00
12.2375	0.0000e+00
12.2400	0.0000e+00
12.2425	0.0000e+00
12.2450	0.0000e+00
12.2475	0.0000e+00
12.2500	0.0000e+00
12.2525	0.0000e+00
12.2550	0.0000e+00
12.2575	0.0000e+00
12.2600	0.0000e+00
12.2625	0.0000e+00
12.2650	0.0000e+00
12.2675	0.0000e+00
12.2700	0.0000e+00
12.2725	0.0000e+00
12.2750	0.0000e+00
12.2775	0.0000e+00
12.2800	0.0000e+00
12.2825	0.0000e+00
12.2850	0.0000e+00
12.2875	0.0000e+00
12.2900	0.0000e+00
12.2925	0.0000e+00
12.2950	0.0000e+00
12.2975	0.0000e+00
12.3000	0.0000e+00
12.3025	0.0000e+00
12.3050	0.0000e+00
12.3075	0.0000e+00
12.3100	0.0000e+00
12.3125	0.0000e+00
12.3150	0.0000e+00
12.3175	0.0000e+00
12.3200	0.0000e+00
12.3225	0.0000e+00
12.3250	0.0000e+00
12.3275	0.0000e+00
12.3300	0.0000e+00
12.3325	0.0000e+00
12.3350	0.0000e+00
12.3375	0.0000e+00
12.3400	0.0000e+00
12.3425	0.0000e+00
12.3450	0.0000e+00
12.3475	0.0000e+00
12.3500	0.0000e+00
12.3525	0.0000e+00
12.3550	0.0000e+00
12.3575	0.0000e+00
12.3600	0.0000e+00
12.3625	0.0000e+00
12.3650	0.0000e+00
12.3675	0.0000e+00
12.3700	0.0000e+00
12.3725	0.0000e+00
12.3750	0.0000e+00
12.3775	0.0000e+00
12.3800	0.0000e+00
12.3825	0.0000e+00
12.3850	0.0000e+00
12.3875	0.0000e+00
12.3900	0.0000e+00
12.3925	0.0000e+00
12.3950	0.0000e+00
12.3975	0.0000e+00
12.4000	0.0000e+00
12.4025	0.0000e+00
12.4050	0.0000e+00
12.4075	0.0000e+00
12.4100	0.0000e+00
12.4125	0.0000e+00
12.4150	0.0000e+00
12.4175	0.0000e+00
12.4200	0.0000e+00
12.4225	0.0000e+00
12.4250	0.0000e+00
12.4275	0.0000e+00
12.4300	0.0000e+00
12.4325	0.0000e+00
12.4350	0.0000e+00
12.4375	0.0000e+00
12.4400	0.0000e+00
12.4425	0.0000e+00
12.4450	0.0000e+00
12.4475	0.0000e+00
12.4500	0.0000e+00
12.4525	0.0000e+00
12.4550	0.0000e+00
12.4575	0.0000e+00
12.4600	0.0000e+00
12.4625	0.0000e+00
12.4650	0.0000e+00
12.4675	0.0000e+00
12.4700	0.0000e+00
12.4725	0.0000e+00
12.4750	0.0000e+00
12.4775	0.0000e+00
12.4800	0.0000e+00
12.4825	0.0000e+00
12.4850	0.0000e+00
12.4875	0.0000e+00
12.4900	0.0000e+00
12.4925	0.0000e+00
12.4950	0.0000e+00
12.4975	0.0000e+00
12.5000	0.0000e+00
12.5025	0.0000e+00
12.5050	0.0000e+00
12.5075	0.0000e+00
12.5100	0.0000e+00
12.5125	0.0000e+00
12.5150	0.0000e+00
12.5175	0.0000e+00
12.5200	0.0000e+00
12.5225	0.0000e+00
12.5250	0.0000e+00
12.5275	0.0000e+00
12.5300	0.0000e+00
12.5325	0.0000e+00
12.5350	0.0000e+00
12.5375	0.0000e+00
12.5400	0.0000e+00
12.5425	0.0000e+00
12.5450	0.0000e+00
12.5475	0.0000e+00
12.5500	0.0000e+00
12.5525	0.0000e+00
12.5550	0.0000e+00
12.5575	0.0000e+00
12.5600	0.0000e+00
12.5625	0.0000e+00
12.5650	0.0000e+00
12.5675	0.0000e+00
12.5700	0.0000e+00
12.5725	0.0000e+00
12.5750	0.0000e+00
12.5775	0.0000e+00
12.5800	0.0000e+00
12.5825	0.0000e+00
12.5850	0.0000e+00
12.5875	0.0000e+00
12.5900	0.0000e+00
12.5925	0.0000e+00
12.5950	0.0000e+00
12.5975	0.0000e+00
12.6000	0.0000e+00
12.6025	0.0000e+00
12.6050	0.0000e+00
12.6075	0.0000e+00
12.6100	0.0000e+00
12.6125	0.0000e+00
12.6150	0.0000e+00
12.6175	0.0000e+00
12.6200	0.0000e+00
12.6225	0.0000e+00
12.6250	0.0000e+00
12.6275	0.0000e+00
12.6300	0.0000e+00
12.6325	0.0000e+00
12.6350	0.0000e+00
12.6375	0.0000e+00
12.6400	0.0000e+00
12.6425	0.0000e+00
12.6450	0.0000e+00
12.6475	0.0000e+00
12.6500	0.0000e+00
12.6525	0.0000e+00
12.6550	0.0000e+00
12.6575	0.0000e+00
12.6600	0.0000e+00
12.6625	0.0000e+00
12.6650	0.0000e+00
12.6675	0.0000e+00
12.6700	0.0000e+00
12.6725	0.0000e+00
12.6750	0.0000e+00
12.6775	0.0000e+00
12.6800	0.0000e+00
12.6825	0.0000e+00
12.6850	0.0000e+00
12.6875	0.0000e+00
12.6900	0.0000e+00
12.6925	0.0000e+00
12.6950	0.0000e+00
12.6975	0.0000e+00
12.7000	0.0000e+00
12.7025	0.0000e+00
12.7050	0.0000e+00
12.7075	0.0000e+00
12.7100	0.0000e+00
12.7125	0.0000e+00
12.7150	0.0000e+00
12.7175	0.0000e+00
12.7200	0.0000e+00
12.7225	0.0000e+00
12.7250	0.0000e+00
12.7275	0.0000e+00
12.7300	0.0000e+00
12.7325	0.0000e+00
12.7350	0.0000e+00
12.7375	0.0000e+00
12.7400	0.0000e+00
12.7425	0.0000e+00
12.7450	0.0000e+00
12.7475	0.0000e+00
12.7500	0.0000e+00
12.7525	0.0000e+00
12.7550	0.0000e+00
12.7575	0.0000e+00
12.7600	0.0000e+00
12.7625	0.0000e+00
12.7650	0.0000e+00
12.7675	0.0000e+00
12.7700	0.0000e+00
12.7725	0.0000e+00
12.7750	0.0000e+00
12.7775	0.0000e+00
12.7800	0.0000e+00
12.7825	0.0000e+00
12.7850	0.0000e+00
12.7875	0.0000e+00
12.7900	0.0000e+00
12.7925	0.0000e+00
12.7950	0.0000e+00
12.7975	0.0000e+00
12.8000	0.0000e+00
12.8025	0.0000e+00
12.8050	0.0000e+00
12.8075	0.0000e+00
12.8100	0.0000e+00
12.8125	0.0000e+00
12.8150	0.0000e+00
12.8175	0.0000e+00
12.8200	0.0000e+00
12.8225	0.0000e+00
12.8250	0.0000e+00
12.8275	0.0000e+00
12.8300	0.0000e+00
12.8325	0.0000e+00
12.8350	0.0000e+00
12.8375	0.0000e+00
12.8400	0.0000e+00
12.8425	0.0000e+00
12.8450	0.0000e+00
12.8475	0.0000e+00
12.8500	0.0000e+00
12.8525	0.0000e+00
12.8550	0.0000e+00
12.8575	0.0000e+00
12.8600	0.0000e+00
12.8625	0.0000e+00
12.8650	0.0000e+00
12.8675	0.0000e+00
12.8700	0.0000e+00
12.8725	0.0000e+00
12.8750	0.0000e+00
12.8775	0.0000e+00
12.8800	0.0000e+00
12.8825	0.0000e+00
12.8850	0.0000e+00
12.8875	0.0000e+00
12.8900	0.0000e+00
12.8925	0.0000e+00
12.8950	0.0000e+00
12.8975	0.0000e+00
12.9000	0.0000e+00
12.9025	0.0000e+00
12.9050	0.0000e+00
12.9075	0.0000e+00
12.9100	0.0000e+00
12.9125	0.0000e+00
12.9150	0.0000e+00
12.9175	0.0000e+00
12.9200	0.0000e+00
12.9225	0.0000e+00
12.9250	0.0000e+00
12.9275	0.0000e+00
12.9300	0.0000e+00
12.9325	0.0000e+00
12.9350	0.0000e+00
12.9375	0.0000e+00
12.9400	0.0000e+00
12.9425	0.0000e+00
12.9450	0.0000e+00
12.9475	0.0000e+00
12.9500	0.0000e+00
12.9525	4.2314e-02
12.9550	1.0333e-01
12.9575	1.6434e-01
12.9600	2.2536e-01
12.9625	2.8637e-01
12.9650	3.4738e-01
12.9675	4.0840e-01
12.9700	4.6941e-01
12.9725	5.3042e-01
12.9750	5.0681e-01
12.9775	4.4580e-01
12.9800	3.8478e-01
12.9825	3.2377e-01
12.9850	2.6276e-01
12.9875	2.0174e-01
12.9900	1.4073e-01
12.9925	7.9714e-02
12.9950	0.0000e+00
12.9975	0.0000e+00
13.0000	0.0000e+00
13.0025	0.0000e+00
13.0050	0.0000e+00
13.0075	0.0000e+00
13.0100	0.0000e+00
13.0125	0.0000e+00
13.0150	0.0000e+00
13.0175	0.0000e+00
13.0200	0.0000e+00
13.0225	0.0000e+00
13.0250	0.0000e+00
13.0275	0.0000e+00
13.0300	0.0000e+00
13.0325	0.0000e+00
13.0350	0.0000e+00
13.0375	0.0000e+00
13.0400	0.0000e+00
13.0425	0.0000e+00
13.0450	0.0000e+00
13.0475	0.0000e+00
13.0500	0.0000e+00
13.0525	0.0000e+00
13.0550	0.0000e+00
13.0575	0.0000e+00
13.0600	0.0000e+00
13.0625	0.0000e+00
13.0650	0.0000e+00
13.0675	0.0000e+00
13.0700	0.0000e+00
13.0725	0.0000e+00
13.0750	0.0000e+00
13.0775	0.0000e+00
13.0800	0.0000e+00
13.0825	0.0000e+00
13.0850	0.0000e+00
13.0875	0.0000e+00
13.0900	0.0000e+00
13.0925	0.0000e+00
13.0950	0.0000e+00
13.0975	0.0000e+00
13.1000	0.0000e+00
13.1025	0.0000e+00
13.1050	0.0000e+00
13.1075	0.0000e+00
13.1100	0.0000e+00
13.1125	0.0000e+00
13.1150	0.0000e+00
13.1175	0.0000e+00
13.1200	0.0000e+00
13.1225	0.0000e+00
13.1250	0.0000e+00
13.1275	0.0000e+00
13.1300	0.0000e+00
13.1325	0.0000e+00
13.1350	0.0000e+00
13.1375	0.0000e+00
13.1400	0.0000e+00
13.1425	0.0000e+00
13.1450	0.0000e+00
13.1475	0.0000e+00
13.1500	0.0000e+00
13.1525	0.0000e+00
13.1550	0.0000e+00
13.1575	0.0000e+00
13.1600	0.0000e+00
13.1625	0.0000e+00
13.1650	0.0000e+00
13.1675	0.0000e+00
13.1700	0.0000e+00
13.1725	0.0000e+00
13.1750	0.0000e+00
13.1775	0.0000e+00
13.1800	0.0000e+00
13.1825	0.0000e+00
13.1850	0.0000e+00
13.1875	0.0000e+00
13.1900	0.0000e+00
13.1925	0.0000e+00
13.1950	0.0000e+00
13.1975	0.0000e+00
13.2000	0.0000e+00
13.2025	0.0000e+00
13.2050	0.0000e+00
13.2075	0.0000e+00
13.2100	0.0000e+00
13.2125	0.0000e+00
13.2150	0.0000e+00
13.2175	0.0000e+00
13.2200	0.0000e+00
13.2225	0.0000e+00
13.2250	0.0000e+00
13.2275	0.0000e+00
13.2300	0.0000e+00
13.2325	0.0000e+00
13.2350	0.0000e+00
13.2375	0.0000e+00
13.2400	0.0000e+00
13.2425	0.0000e+00
13.2450	0.0000e+00
13.2475	0.0000e+00
13.2500	0.0000e+00
13.2525	0.0000e+00
13.2550	0.0000e+00
13.2575	0.0000e+00
13.2600	0.0000e+00
13.2625	0.0000e+00
13.2650	0.0000e+00
13.2675	0.0000e+00
13.2700	0.0000e+00
13.2725	0.0000e+00
13.2750	0.0000e+00
13.2775	0.0000e+00
13.2800	0.0000e+00
13.2825	0.0000e+00
13.2850	0.0000e+00
13.2875	0.0000e+00
13.2900	1.5120e-02
13.2925	6.8734e-02
13.2950	1.2235e-01
13.2975	1.7596e-01
13.3000	2.2958e-01
13.3025	2.8319e-01
13.3050	3.3680e-01
13.3075	3.9042e-01
13.3100	4.4403e-01
13.3125	4.6740e-01
13.3150	4.1379e-01
13.3175	3.6018e-01
13.3200	3.0656e-01
13.3225	2.5295e-01
13.3250	1.9934e-01
13.3275	1.4572e-01
13.3300	9.2108e-02
13.3325	0.0000e+00
13.3350	0.0000e+00
13.3375	0.0000e+00
13.3400	0.0000e+00
13.3425	0.0000e+00
13.3450	0.0000e+00
13.3475	0.0000e+00
13.3500	0.0000e+00
13.3525	0.0000e+00
13.3550	0.0000e+00
13.3575	0.0000e+00
13.3600	0.0000e+00
13.3625	0.0000e+00
13.3650	0.0000e+00
13.3675	0.0000e+00
13.3700	0.0000e+00
13.3725	0.0000e+00
13.3750	0.0000e+00
13.3775	0.0000e+00
13.3800	0.0000e+00
13.3825	0.0000e+00
13.3850	0.0000e+00
13.3875	0.0000e+00
13.3900	0.0000e+00
13.3925	0.0000e+00
13.3950	0.0000e+00
13.3975	0.0000e+00
13.4000	0.0000e+00
13.4025	0.0000e+00
13.4050	0.0000e+00
13.4075	0.0000e+00
13.4100	0.0000e+00
13.4125	0.0000e+00
13.4150	0.0000e+00
13.4175	0.0000e+00
13.4200	0.0000e+00
13.4225	0.0000e+00
13.4250	0.0000e+00
13.4275	0.0000e+00
13.4300	0.0000e+00
13.4325	0.0000e+00
13.4350	0.0000e+00
13.4375	0.0000e+00
13.4400	0.0000e+00
13.4425	0.0000e+00
13.4450	0.0000e+00
13.4475	0.0000e+00
13.4500	0.0000e+00
13.4525	0.0000e+00
13.4550	0.0000e+00
13.4575	0.0000e+00
13.4600	0.0000e+00
13.4625	0.0000e+00
13.4650	0.0000e+00
13.4675	0.0000e+00
13.4700	0.0000e+00
13.4725	0.0000e+00
13.4750	0.0000e+00
13.4775	0.0000e+00
13.4800	0.0000e+00
13.4825	0.0000e+00
13.4850	0.0000e+00
13.4875	0.0000e+00
13.4900	0.0000e+00
13.4925	0.0000e+00
13.4950	0.0000e+00
13.4975	0.0000e+00
13.5000	0.0000e+00
13.5025	0.0000e+00
13.5050	0.0000e+00
13.5075	0.0000e+00
13.5100	0.0000e+00
13.5125	0.0000e+00
13.5150	0.0000e+00
13.5175	0.0000e+00
13.5200	0.0000e+00
13.5225	0.0000e+00
13.5250	0.0000e+00
13.5275	0.0000e+00
13.5300	0.0000e+00
13.5325	0.0000e+00
13.5350	0.0000e+00
13.5375	0.0000e+00
13.5400	0.0000e+00
13.5425	0.0000e+00
13.5450	0.0000e+00
13.5475	0.0000e+00
13.5500	0.0000e+00
13.5525	0.0000e+00
13.5550	0.0000e+00
13.5575	0.0000e+00
13.5600	0.0000e+00
13.5625	0.0000e+00
13.5650	0.0000e+00
13.5675	0.0000e+00
13.5700	0.0000e+00
13.5725	0.0000e+00
13.5750	0.0000e+00
13.5775	0.0000e+00
13.5800	0.0000e+00
13.5825	0.0000e+00
13.5850	0.0000e+00
13.5875	0.0000e+00
13.5900	0.0000e+00
13.5925	0.0000e+00
13.5950	0.0000e+00
13.5975	0.0000e+00
13.6000	0.0000e+00
13.6025	0.0000e+00
13.6050	0.0000e+00
13.6075	0.0000e+00
13.6100	0.0000e+00
13.6125	0.0000e+00
13.6150	0.0000e+00
13.6175	0.0000e+00
13.6200	0.0000e+00
13.6225	0.0000e+00
13.6250	0.0000e+00
13.6275	0.0000e+00
13.6300	0.0000e+00
13.6325	0.0000e+00
13.6350	0.0000e+00
13.6375	0.0000e+00
13.6400	0.0000e+00
13.6425	0.0000e+00
13.6450	0.0000e+00
13.6475	0.0000e+00
13.6500	0.0000e+00
13.6525	0.0000e+00
13.6550	0.0000e+00
13.6575	0.0000e+00
13.6600	0.0000e+00
13.6625	0.0000e+00
13.6650	0.0000e+00
13.6675	0.0000e+00
13.6700	0.0000e+00
13.6725	0.0000e+00
13.6750	0.0000e+00
13.6775	0.0000e+00
13.6800	0.0000e+00
13.6825	0.0000e+00
13.6850	0.0000e+00
13.6875	0.0000e+00
13.6900	0.0000e+00
13.6925	0.0000e+00
13.6950	0.0000e+00
13.6975	0.0000e+00
13.7000	0.0000e+00
13.7025	0.0000e+00
13.7050	0.0000e+00
13.7075	0.0000e+00
13.7100	0.0000e+00
13.7125	0.0000e+00
13.7150	0.0000e+00
13.7175	0.0000e+00
13.7200	0.0000e+00
13.7225	0.0000e+00
13.7250	0.0000e+00
13.7275	0.0000e+00
13.7300	0.0000e+00
13.7325	0.0000e+00
13.7350	0.0000e+00
13.7375	0.0000e+00
13.7400	0.0000e+00
13.7425	0.0000e+00
13.7450	0.0000e+00
13.7475	0.0000e+00
13.7500	0.0000e+00
13.7525	0.0000e+00
13.7550	0.0000e+00
13.7575	0.0000e+00
13.7600	0.0000e+00
13.7625	0.0000e+00
13.7650	0.0000e+00
13.7675	0.0000e+00
13.7700	0.0000e+00
13.7725	0.0000e+00
13.7750	0.0000e+00
13.7775	0.0000e+00
13.7800	0.0000e+00
13.7825	0.0000e+00
13.7850	0.0000e+00
13.7875	0.0000e+00
13.7900	0.0000e+00
13.7925	0.0000e+00
13.7950	0.0000e+00
13.7975	0.0000e+00
13.8000	0.0000e+00
13.8025	0.0000e+00
13.8050	0.0000e+00
13.8075	0.0000e+00
13.8100	0.0000e+00
13.8125	0.0000e+00
13.8150	0.0000e+00
13.8175	0.0000e+00
13.8200	0.0000e+00
13.8225	0.0000e+00
13.8250	0.0000e+00
13.8275	0.0000e+00
13.8300	0.0000e+00
13.8325	0.0000e+00
13.8350	0.0000e+00
13.8375	0.0000e+00
13.8400	0.0000e+00
13.8425	0.0000e+00
13.8450	0.0000e+00
13.8475	0.0000e+00
13.8500	0.0000e+00
13.8525	0.0000e+00
13.8550	0.0000e+00
13.8575	0.0000e+00
13.8600	0.0000e+00
13.8625	0.0000e+00
13.8650	0.0000e+00
13.8675	0.0000e+00
13.8700	0.0000e+00
13.8725	0.0000e+00
13.8750	0.0000e+00
13.8775	0.0000e+00
13.8800	0.0000e+00
13.8825	0.0000e+00
13.8850	0.0000e+00
13.8875	0.0000e+00
13.8900	0.0000e+00
13.8925	0.0000e+00
13.8950	0.0000e+00
13.8975	0.0000e+00
13.9000	0.0000e+00
13.9025	0.0000e+00
13.9050	0.0000e+00
13.9075	0.0000e+00
13.9100	0.0000e+00
13.9125	0.0000e+00
13.9150	0.0000e+00
13.9175	0.0000e+00
13.9200	0.0000e+00
13.9225	0.0000e+00
13.9250	0.0000e+00
13.9275	0.0000e+00
13.9300	0.0000e+00
13.9325	0.0000e+00
13.9350	0.0000e+00
13.9375	0.0000e+00
13.9400	0.0000e+00
13.9425	0.0000e+00
13.9450	0.0000e+00
13.9475	0.0000e+00
13.9500	0.0000e+00
13.9525	0.0000e+00
13.9550	0.0000e+00
13.9575	0.0000e+00
13.9600	0.0000e+00
13.9625	0.0000e+00
13.9650	0.0000e+00
13.9675	0.0000e+00
13.9700	0.0000e+00
13.9725	0.0000e+00
13.9750	0.0000e+00
13.9775	0.0000e+00
13.9800	0.0000e+00
13.9825	0.0000e+00
13.9850	0.0000e+00
13.9875	0.0000e+00
13.9900	0.0000e+00
13.9925	0.0000e+00
13.9950	0.0000e+00
13.9975	0.0000e+00
14.0000	0.0000e+00
14.0025	0.0000e+00
14.0050	0.0000e+00
14.0075	0.0000e+00
14.0100	0.0000e+00
14.0125	0.0000e+00
14.0150	0.0000e+00
14.0175	0.0000e+00
14.0200	0.0000e+00
14.0225	0.0000e+00
14.0250	0.0000e+00
14.0275	0.0000e+00
14.0300	0.0000e+00
14.0325	0.0000e+00
14.0350	0.0000e+00
14.0375	0.0000e+00
14.0400	0.0000e+00
14.0425	0.0000e+00
14.0450	0.0000e+00
14.0475	0.0000e+00
14.0500	0.0000e+00
14.0525	0.0000e+00
14.0550	0.0000e+00
14.0575	0.0000e+00
14.0600	0.0000e+00
14.0625	0.0000e+00
14.0650	0.0000e+00
14.0675	0.0000e+00
14.0700	0.0000e+00
14.0725	0.0000e+00
14.0750	0.0000e+00
14.0775	0.0000e+00
14.0800	0.0000e+00
14.0825	0.0000e+00
14.0850	0.0000e+00
14.0875	0.0000e+00
14.0900	0.0000e+00
14.0925	0.0000e+00
14.0950	0.0000e+00
14.0975	0.0000e+00
14.1000	0.0000e+00
14.1025	0.0000e+00
14.1050	0.0000e+00
14.1075	0.0000e+00
14.1100	0.0000e+00
14.1125	0.0000e+00
14.1150	0.0000e+00
14.1175	0.0000e+00
14.1200	0.0000e+00
14.1225	0.0000e+00
14.1250	0.0000e+00
14.1275	0.0000e+00
14.1300	0.0000e+00
14.1325	0.0000e+00
14.1350	0.0000e+00
14.1375	0.0000e+00
14.1400	0.0000e+00
14.1425	0.0000e+00
14.1450	0.0000e+00
14.1475	0.0000e+00
14.1500	0.0000e+00
14.1525	0.0000e+00
14.1550	0.0000e+00
14.1575	0.0000e+00
14.1600	0.0000e+00
14.1625	0.0000e+00
14.1650	0.0000e+00
14.1675	0.0000e+00
14.1700	0.0000e+00
14.1725	0.0000e+00
14.1750	0.0000e+00
14.1775	0.0000e+00
14.1800	0.0000e+00
14.1825	0.0000e+00
14.1850	0.0000e+00
14.1875	0.0000e+00
14.1900	0.0000e+00
14.1925	0.0000e+00
14.1950	0.0000e+00
14.1975	0.0000e+00
14.2000	0.0000e+00
14.2025	0.0000e+00
14.2050	0.0000e+00
14.2075	0.0000e+00
14.2100	0.0000e+00
14.2125	0.0000e+00
14.2150	0.0000e+00
14.2175	0.0000e+00
14.2200	0.0000e+00
14.2225	0.0000e+00
14.2250	0.0000e+00
14.2275	0.0000e+00
14.2300	0.0000e+00
14.2325	0.0000e+00
14.2350	0.0000e+00
14.2375	0.0000e+00
14.2400	0.0000e+00
14.2425	0.0000e+00
14.2450	0.0000e+00
14.2475	0.0000e+00
14.2500	0.0000e+00
14.2525	0.0000e+00
14.2550	0.0000e+00
14.2575	0.0000e+00
14.2600	0.0000e+00
14.2625	0.0000e+00
14.2650	0.0000e+00
14.2675	0.0000e+00
14.2700	0.0000e+00
14.2725	0.0000e+00
14.2750	0.0000e+00
14.2775	0.0000e+00
14.2800	0.0000e+00
14.2825	0.0000e+00
14.2850	0.0000e+00
14.2875	0.0000e+00
14.2900	0.0000e+00
14.2925	0.0000e+00
14.2950	0.0000e+00
14.2975	0.0000e+00
14.3000	0.0000e+00
14.3025	0.0000e+00
14.3050	0.0000e+00
14.3075	0.0000e+00
14.3100	0.0000e+00
14.3125	0.0000e+00
14.3150	0.0000e+00
14.3175	0.0000e+00
14.3200	0.0000e+00
14.3225	0.0000e+00
14.3250	0.0000e+00
14.3275	0.0000e+00
14.3300	0.0000e+00
14.3325	0.0000e+00
14.3350	0.0000e+00
14.3375	0.0000e+00
14.3400	0.0000e+00
14.3425	0.0000e+00
14.3450	0.0000e+00
14.3475	0.0000e+00
14.3500	0.0000e+00
14.3525	0.0000e+00
14.3550	0.0000e+00
14.3575	0.0000e+00
14.3600	0.0000e+00
14.3625	0.0000e+00
14.3650	0.0000e+00
14.3675	0.0000e+00
14.3700	0.0000e+00
14.3725	0.0000e+00
14.3750	0.0000e+00
14.3775	0.0000e+00
14.3800	0.0000e+00
14.3825	0.0000e+00
14.3850	0.0000e+00
14.3875	0.0000e+00
14.3900	0.0000e+00
14.3925	0.0000e+00
14.3950	0.0000e+00
14.3975	0.0000e+00
14.4000	0.0000e+00
14.4025	0.0000e+00
14.4050	0.0000e+00
14.4075	0.0000e+00
14.4100	0.0000e+00
14.4125	0.0000e+00
14.4150	0.0000e+00
14.4175	0.0000e+00
14.4200	0.0000e+00
14.4225	0.0000e+00
14.4250	0.0000e+00
14.4275	0.0000e+00
14.4300	0.0000e+00
14.4325	0.0000e+00
14.4350	0.0000e+00
14.4375	0.0000e+00
14.4400	0.0000e+00
14.4425	0.0000e+00
14.4450	0.0000e+00
14.4475	0.0000e+00
14.4500	0.0000e+00
14.4525	0.0000e+00
14.4550	0.0000e+00
14.4575	0.0000e+00
14.4600	0.0000e+00
14.4625	0.0000e+00
14.4650	0.0000e+00
14.4675	0.0000e+00
14.4700	0.0000e+00
14.4725	0.0000e+00
14.4750	0.0000e+00
14.4775	0.0000e+00
14.4800	0.0000e+00
14.4825	0.0000e+00
14.4850	0.0000e+00
14.4875	0.0000e+00
14.4900	0.0000e+00
14.4925	0.0000e+00
14.4950	0.0000e+00
14.4975	0.0000e+00
14.5000	0.0000e+00
14.5025	0.0000e+00
14.5050	0.0000e+00
14.5075	0.0000e+00
14.5100	0.0000e+00
14.5125	0.0000e+00
14.5150	0.0000e+00
14.5175	0.0000e+00
14.5200	0.0000e+00
14.5225	0.0000e+00
14.5250	0.0000e+00
14.5275	0.0000e+00
14.5300	0.0000e+00
14.5325	0.0000e+00
14.5350	0.0000e+00
14.5375	0.0000e+00
14.5400	0.0000e+00
14.5425	0.0000e+00
14.5450	0.0000e+00
14.5475	0.0000e+00
14.5500	0.0000e+00
14.5525	0.0000e+00
14.5550	0.0000e+00
14.5575	0.0000e+00
14.5600	0.0000e+00
14.5625	0.0000e+00
14.5650	0.0000e+00
14.5675	1.3929e-02
14.5700	4.6906e-02
14.5725	7.9882e-02
14.5750	1.1286e-01
14.5775	1.4583e-01
14.5800	1.7881e-01
14.5825	2.1179e-01
14.5850	2.4476e-01
14.5875	2.7774e-01
14.5900	2.8286e-01
14.5925	2.4988e-01
14.5950	2.1690e-01
14.5975	1.8393e-01
14.6000	1.5095e-01
14.6025	1.1798e-01
14.6050	8.5000e-02
14.6075	5.2023e-02
14.6100	0.0000e+00
14.6125	0.0000e+00
14.6150	0.0000e+00
14.6175	0.0000e+00
14.6200	0.0000e+00
14.6225	0.0000e+00
14.6250	0.0000e+00
14.6275	0.0000e+00
14.6300	0.0000e+00
14.6325	0.0000e+00
14.6350	0.0000e+00
14.6375	0.0000e+00
14.6400	0.0000e+00
14.6425	0.0000e+00
14.6450	0.0000e+00
14.6475	0.0000e+00
14.6500	0.0000e+00
14.6525	0.0000e+00
14.6550	0.0000e+00
14.6575	0.0000e+00
14.6600	0.0000e+00
14.6625	0.0000e+00
14.6650	0.0000e+00
14.6675	0.0000e+00
14.6700	0.0000e+00
14.6725	0.0000e+00
14.6750	0.0000e+00
14.6775	0.0000e+00
14.6800	0.0000e+00
14.6825	0.0000e+00
14.6850	0.0000e+00
14.6875	0.0000e+00
14.6900	0.0000e+00
14.6925	0.0000e+00
14.6950	0.0000e+00
14.6975	0.0000e+00
14.7000	0.0000e+00
14.7025	0.0000e+00
14.7050	0.0000e+00
14.7075	0.0000e+00
14.7100	0.0000e+00
14.7125	0.0000e+00
14.7150	0.0000e+00
14.7175	0.0000e+00
14.7200	0.0000e+00
14.7225	0.0000e+00
14.7250	0.0000e+00
14.7275	0.0000e+00
14.7300	0.0000e+00
14.7325	0.0000e+00
14.7350	0.0000e+00
14.7375	0.0000e+00
14.7400	0.0000e+00
14.7425	0.0000e+00
14.7450	0.0000e+00
14.7475	0.0000e+00
14.7500	0.0000e+00
14.7525	0.0000e+00
14.7550	0.0000e+00
14.7575	0.0000e+00
14.7600	0.0000e+00
14.7625	0.0000e+00
14.7650	0.0000e+00
14.7675	0.0000e+00
14.7700	0.0000e+00
14.7725	0.0000e+00
14.7750	0.0000e+00
14.7775	0.0000e+00
14.7800	0.0000e+00
14.7825	0.0000e+00
14.7850	0.0000e+00
14.7875	0.0000e+00
14.7900	0.0000e+00
14.7925	0.0000e+00
14.7950	0.0000e+00
14.7975	0.0000e+00
14.8000	0.0000e+00
14.8025	0.0000e+00
14.8050	0.0000e+00
14.8075	0.0000e+00
14.8100	0.0000e+00
14.8125	0.0000e+00
14.8150	0.0000e+00
14.8175	0.0000e+00
14.8200	0.0000e+00
14.8225	0.0000e+00
14.8250	0.0000e+00
14.8275	0.0000e+00
14.8300	0.0000e+00
14.8325	0.0000e+00
14.8350	0.0000e+00
14.8375	0.0000e+00
14.8400	0.0000e+00
14.8425	0.0000e+00
14.8450	0.0000e+00
14.8475	0.0000e+00
14.8500	0.0000e+00
14.8525	0.0000e+00
14.8550	0.0000e+00
14.8575	0.0000e+00
14.8600	0.0000e+00
14.8625	0.0000e+00
14.8650	0.0000e+00
14.8675	0.0000e+00
14.8700	0.0000e+00
14.8725	0.0000e+00
14.8750	0.0000e+00
14.8775	0.0000e+00
14.8800	0.0000e+00
14.8825	0.0000e+00
14.8850	0.0000e+00
14.8875	0.0000e+00
14.8900	0.0000e+00
14.8925	0.0000e+00
14.8950	0.0000e+00
14.8975	0.0000e+00
14.9000	0.0000e+00
14.9025	0.0000e+00
14.9050	0.0000e+00
14.9075	0.0000e+00
14.9100	0.0000e+00
14.9125	0.0000e+00
14.9150	0.0000e+00
14.9175	0.0000e+00
14.9200	0.0000e+00
14.9225	0.0000e+00
14.9250	0.0000e+00
14.9275	0.0000e+00
14.9300	0.0000e+00
14.9325	0.0000e+00
14.9350	0.0000e+00
14.9375	0.0000e+00
14.9400	0.0000e+00
14.9425	0.0000e+00
14.9450	0.0000e+00
14.9475	0.0000e+00
14.9500	0.0000e+00
14.9525	0.0000e+00
14.9550	0.0000e+00
14.9575	0.0000e+00
14.9600	0.0000e+00
14.9625	0.0000e+00
14.9650	0.0000e+00
14.9675	0.0000e+00
14.9700	0.0000e+00
14.9725	0.0000e+00
14.9750	0.0000e+00
14.9775	0.0000e+00
14.9800	0.0000e+00
14.9825	0.0000e+00
14.9850	0.0000e+00
14.9875	0.0000e+00
14.9900	0.0000e+00
14.9925	0.0000e+00
14.9950	0.0000e+00
14.9975	0.0000e+00
15.0000	0.0000e+00
15.0025	0.0000e+00
15.0050	0.0000e+00
15.0075	0.0000e+00
15.0100	0.0000e+00
15.0125	0.0000e+00
15.0150	0.0000e+00
15.0175	0.0000e+00
15.0200	0.0000e+00
15.0225	0.0000e+00
15.0250	0.0000e+00
15.0275	0.0000e+00
15.0300	0.0000e+00
15.0325	0.0000e+00
15.0350	0.0000e+00
15.0375	0.0000e+00
15.0400	0.0000e+00
15.0425	0.0000e+00
15.0450	0.0000e+00
15.0475	0.0000e+00
15.0500	0.0000e+00
15.0525	0.0000e+00
15.0550	0.0000e+00
15.0575	0.0000e+00
15.0600	0.0000e+00
15.0625	0.0000e+00
15.0650	0.0000e+00
15.0675	0.0000e+00
15.0700	0.0000e+00
15.0725	0.0000e+00
15.0750	0.0000e+00
15.0775	0.0000e+00
15.0800	0.0000e+00
15.0825	0.0000e+00
15.0850	0.0000e+00
15.0875	0.0000e+00
15.0900	0.0000e+00
15.0925	0.0000e+00
15.0950	0.0000e+00
15.0975	0.0000e+00
15.1000	0.0000e+00
15.1025	0.0000e+00
15.1050	0.0000e+00
15.1075	0.0000e+00
15.1100	0.0000e+00
15.1125	0.0000e+00
15.1150	0.0000e+00
15.1175	0.0000e+00
15.1200	0.0000e+00
15.1225	0.0000e+00
15.1250	0.0000e+00
15.1275	0.0000e+00
15.1300	0.0000e+00
15.1325	0.0000e+00
15.1350	0.0000e+00
15.1375	0.0000e+00
15.1400	0.0000e+00
15.1425	0.0000e+00
15.1450	0.0000e+00
15.1475	0.0000e+00
15.1500	0.0000e+00
15.1525	0.0000e+00
15.1550	0.0000e+00
15.1575	0.0000e+00
15.1600	0.0000e+00
15.1625	0.0000e+00
15.1650	0.0000e+00
15.1675	0.0000e+00
15.1700	0.0000e+00
15.1725	0.0000e+00
15.1750	0.0000e+00
15.1775	0.0000e+00
15.1800	0.0000e+00
15.1825	0.0000e+00
15.1850	0.0000e+00
15.1875	0.0000e+00
15.1900	0.0000e+00
15.1925	0.0000e+00
15.1950	0.0000e+00
15.1975	0.0000e+00
15.2000	0.0000e+00
15.2025	0.0000e+00
15.2050	0.0000e+00
15.2075	0.0000e+00
15.2100	0.0000e+00
15.2125	0.0000e+00
15.2150	0.0000e+00
15.2175	0.0000e+00
15.2200	0.0000e+00
15.2225	0.0000e+00
15.2250	0.0000e+00
15.2275	0.0000e+00
15.2300	0.0000e+00
15.2325	0.0000e+00
15.2350	0.0000e+00
15.2375	0.0000e+00
15.2400	0.0000e+00
15.2425	0.0000e+00
15.2450	0.0000e+00
15.2475	0.0000e+00
15.2500	0.0000e+00
15.2525	0.0000e+00
15.2550	0.0000e+00
15.2575	0.0000e+00
15.2600	0.0000e+00
15.2625	0.0000e+00
15.2650	0.0000e+00
15.2675	0.0000e+00
15.2700	0.0000e+00
15.2725	0.0000e+00
15.2750	0.0000e+00
15.2775	0.0000e+00
15.2800	0.0000e+00
15.2825	0.0000e+00
15.2850	0.0000e+00
15.2875	0.0000e+00
15.2900	0.0000e+00
15.2925	0.0000e+00
15.2950	0.0000e+00
15.2975	0.0000e+00
15.3000	0.0000e+00
15.3025	0.0000e+00
15.3050	0.0000e+00
15.3075	0.0000e+00
15.3100	0.0000e+00
15.3125	0.0000e+00
15.3150	0.0000e+00
15.3175	0.0000e+00
15.3200	0.0000e+00
15.3225	0.0000e+00
15.3250	0.0000e+00
15.3275	0.0000e+00
15.3300	0.0000e+00
15.3325	0.0000e+00
15.3350	0.0000e+00
15.3375	0.0000e+00
15.3400	0.0000e+00
15.3425	0.0000e+00
15.3450	0.0000e+00
15.3475	0.0000e+00
15.3500	0.0000e+00
15.3525	0.0000e+00
15.3550	0.0000e+00
15.3575	0.0000e+00
15.3600	0.0000e+00
15.3625	0.0000e+00
15.3650	0.0000e+00
15.3675	0.0000e+00
15.3700	0.0000e+00
15.3725	0.0000e+00
15.3750	0.0000e+00
15.3775	0.0000e+00
15.3800	0.0000e+00
15.3825	0.0000e+00
15.3850	0.0000e+00
15.3875	0.0000e+00
15.3900	0.0000e+00
15.3925	0.0000e+00
15.3950	0.0000e+00
15.3975	0.0000e+00
15.4000	0.0000e+00
15.4025	0.0000e+00
15.4050	0.0000e+00
15.4075	0.0000e+00
15.4100	0.0000e+00
15.4125	0.0000e+00
15.4150	0.0000e+00
15.4175	0.0000e+00
15.4200	0.0000e+00
15.4225	0.0000e+00
15.4250	0.0000e+00
15.4275	0.0000e+00
15.4300	0.0000e+00
15.4325	0.0000e+00
15.4350	0.0000e+00
15.4375	0.0000e+00
15.4400	0.0000e+00
15.4425	0.0000e+00
15.4450	0.0000e+00
15.4475	0.0000e+00
15.4500	0.0000e+00
15.4525	0.0000e+00
15.4550	0.0000e+00
15.4575	1.0348e-02
15.4600	4.1741e-02
15.4625	7.3134e-02
15.4650	1.0453e-01
15.4675	1.3592e-01
15.4700	1.6731e-01
15.4725	1.9871e-01
15.4750	2.3010e-01
15.4775	2.6149e-01
15.4800	2.7219e-01
15.4825	2.4080e-01
15.4850	2.0941e-01
15.4875	1.7801e-01
15.4900	1.4662e-01
15.4925	1.1523e-01
15.4950	8.3832e-02
15.4975	5.2439e-02
15.5000	0.0000e+00
15.5025	0.0000e+00
15.5050	0.0000e+00
15.5075	0.0000e+00
15.5100	0.0000e+00
15.5125	0.0000e+00
15.5150	0.0000e+00
15.5175	0.0000e+00
15.5200	0.0000e+00
15.5225	0.0000e+00
15.5250	0.0000e+00
15.5275	0.0000e+00
15.5300	0.0000e+00
15.5325	0.0000e+00
15.5350	0.0000e+00
15.5375	0.0000e+00
15.5400	0.0000e+00
15.5425	0.0000e+00
15.5450	0.0000e+00
15.5475	0.0000e+00
15.5500	0.0000e+00
15.5525	0.0000e+00
15.5550	0.0000e+00
15.5575	0.0000e+00
15.5600	0.0000e+00
15.5625	0.0000e+00
15.5650	0.0000e+00
15.5675	0.0000e+00
15.5700	0.0000e+00
15.5725	0.0000e+00
15.5750	0.0000e+00
15.5775	0.0000e+00
15.5800	0.0000e+00
15.5825	0.0000e+00
15.5850	0.0000e+00
15.5875	0.0000e+00
15.5900	0.0000e+00
15.5925	0.0000e+00
15.5950	0.0000e+00
15.5975	0.0000e+00
15.6000	0.0000e+00
15.6025	0.0000e+00
15.6050	0.0000e+00
15.6075	0.0000e+00
15.6100	0.0000e+00
15.6125	0.0000e+00
15.6150	0.0000e+00
15.6175	0.0000e+00
15.6200	0.0000e+00
15.6225	0.0000e+00
15.6250	0.0000e+00
15.6275	0.0000e+00
15.6300	0.0000e+00
15.6325	0.0000e+00
15.6350	0.0000e+00
15.6375	0.0000e+00
15.6400	0.0000e+00
15.6425	0.0000e+00
15.6450	0.0000e+00
15.6475	0.0000e+00
15.6500	0.0000e+00
15.6525	0.0000e+00
15.6550	0.0000e+00
15.6575	0.0000e+00
15.6600	0.0000e+00
15.6625	0.0000e+00
15.6650	0.0000e+00
15.6675	0.0000e+00
15.6700	0.0000e+00
15.6725	0.0000e+00
15.6750	0.0000e+00
15.6775	0.0000e+00
15.6800	0.0000e+00
15.6825	0.0000e+00
15.6850	0.0000e+00
15.6875	0.0000e+00
15.6900	0.0000e+00
15.6925	0.0000e+00
15.6950	0.0000e+00
15.6975	0.0000e+00
15.7000	0.0000e+00
15.7025	0.0000e+00
15.7050	0.0000e+00
15.7075	0.0000e+00
15.7100	0.0000e+00
15.7125	0.0000e+00
15.7150	0.0000e+00
15.7175	0.0000e+00
15.7200	0.0000e+00
15.7225	0.0000e+00
15.7250	0.0000e+00
15.7275	0.0000e+00
15.7300	0.0000e+00
15.7325	0.0000e+00
15.7350	0.0000e+00
15.7375	0.0000e+00
15.7400	0.0000e+00
15.7425	0.0000e+00
15.7450	0.0000e+00
15.7475	0.0000e+00
15.7500	0.0000e+00
15.7525	0.0000e+00
15.7550	0.0000e+00
15.7575	0.0000e+00
15.7600	0.0000e+00
15.7625	0.0000e+00
15.7650	0.0000e+00
15.7675	0.0000e+00
15.7700	0.0000e+00
15.7725	0.0000e+00
15.7750	0.0000e+00
15.7775	0.0000e+00
15.7800	0.0000e+00
15.7825	0.0000e+00
15.7850	0.0000e+00
15.7875	0.0000e+00
15.7900	0.0000e+00
15.7925	0.0000e+00
15.7950	0.0000e+00
15.7975	0.0000e+00
15.8000	0.0000e+00
15.8025	0.0000e+00
15.8050	0.0000e+00
15.8075	0.0000e+00
15.8100	0.0000e+00
15.8125	0.0000e+00
15.8150	0.0000e+00
15.8175	0.0000e+00
15.8200	0.0000e+00
15.8225	0.0000e+00
15.8250	0.0000e+00
15.8275	0.0000e+00
15.8300	0.0000e+00
15.8325	0.0000e+00
15.8350	0.0000e+00
15.8375	0.0000e+00
15.8400	0.0000e+00
15.8425	0.0000e+00
15.8450	0.0000e+00
15.8475	0.0000e+00
15.8500	0.0000e+00
15.8525	0.0000e+00
15.8550	0.0000e+00
15.8575	0.0000e+00
15.8600	0.0000e+00
15.8625	0.0000e+00
15.8650	0.0000e+00
15.8675	0.0000e+00
15.8700	0.0000e+00
15.8725	0.0000e+00
15.8750	0.0000e+00
15.8775	0.0000e+00
15.8800	0.0000e+00
15.8825	0.0000e+00
15.8850	0.0000e+00
15.8875	0.0000e+00
15.8900	0.0000e+00
15.8925	0.0000e+00
15.8950	0.0000e+00
15.8975	0.0000e+00
15.9000	0.0000e+00
15.9025	0.0000e+00
15.9050	0.0000e+00
15.9075	0.0000e+00
15.9100	0.0000e+00
15.9125	0.0000e+00
15.9150	0.0000e+00
15.9175	0.0000e+00
15.9200	0.0000e+00
15.9225	0.0000e+00
15.9250	0.0000e+00
15.9275	0.0000e+00
15.9300	0.0000e+00
15.9325	0.0000e+00
15.9350	0.0000e+00
15.9375	0.0000e+00
15.9400	0.0000e+00
15.9425	0.0000e+00
15.9450	0.0000e+00
15.9475	0.0000e+00
15.9500	0.0000e+00
15.9525	0.0000e+00
15.9550	0.0000e+00
15.9575	0.0000e+00
15.9600	0.0000e+00
15.9625	0.0000e+00
15.9650	0.0000e+00
15.9675	0.0000e+00
15.9700	0.0000e+00
15.9725	0.0000e+00
15.9750	0.0000e+00
15.9775	0.0000e+00
15.9800	0.0000e+00
15.9825	0.0000e+00
15.9850	0.0000e+00
15.9875	0.0000e+00
15.9900	0.0000e+00
15.9925	0.0000e+00
15.9950	0.0000e+00
15.9975	0.0000e+00
16.0000	0.0000e+00
16.0025	0.0000e+00
16.0050	0.0000e+00
16.0075	0.0000e+00
16.0100	0.0000e+00
16.0125	0.0000e+00
16.0150	0.0000e+00
16.0175	0.0000e+00
16.0200	0.0000e+00
16.0225	0.0000e+00
16.0250	0.0000e+00
16.0275	0.0000e+00
16.0300	0.0000e+00
16.0325	0.0000e+00
16.0350	0.0000e+00
16.0375	0.0000e+00
16.0400	0.0000e+00
16.0425	0.0000e+00
16.0450	0.0000e+00
16.0475	0.0000e+00
16.0500	0.0000e+00
16.0525	0.0000e+00
16.0550	0.0000e+00
16.0575	0.0000e+00
16.0600	0.0000e+00
16.0625	0.0000e+00
16.0650	0.0000e+00
16.0675	0.0000e+00
16.0700	0.0000e+00
16.0725	0.0000e+00
16.0750	0.0000e+00
16.0775	0.0000e+00
16.0800	0.0000e+00
16.0825	0.0000e+00
16.0850	0.0000e+00
16.0875	0.0000e+00
16.0900	0.0000e+00
16.0925	0.0000e+00
16.0950	0.0000e+00
16.0975	0.0000e+00
16.1000	0.0000e+00
16.1025	0.0000e+00
16.1050	0.0000e+00
16.1075	0.0000e+00
16.1100	0.0000e+00
16.1125	0.0000e+00
16.1150	0.0000e+00
16.1175	0.0000e+00
16.1200	0.0000e+00
16.1225	0.0000e+00
16.1250	0.0000e+00
16.1275	0.0000e+00
16.1300	0.0000e+00
16.1325	0.0000e+00
16.1350	0.0000e+00
16.1375	0.0000e+00
16.1400	0.0000e+00
16.1425	0.0000e+00
16.1450	0.0000e+00
16.1475	0.0000e+00
16.1500	0.0000e+00
16.1525	0.0000e+00
16.1550	0.0000e+00
16.1575	0.0000e+00
16.1600	0.0000e+00
16.1625	0.0000e+00
16.1650	0.0000e+00
16.1675	0.0000e+00
16.1700	0.0000e+00
16.1725	0.0000e+00
16.1750	0.0000e+00
16.1775	0.0000e+00
16.1800	0.0000e+00
16.1825	0.0000e+00
16.1850	0.0000e+00
16.1875	0.0000e+00
16.1900	0.0000e+00
16.1925	0.0000e+00
16.1950	0.0000e+00
16.1975	0.0000e+00
16.2000	0.0000e+00
16.2025	0.0000e+00
16.2050	0.0000e+00
16.2075	0.0000e+00
16.2100	0.0000e+00
16.2125	0.0000e+00
16.2150	0.0000e+00
16.2175	0.0000e+00
16.2200	0.0000e+00
16.2225	0.0000e+00
16.2250	0.0000e+00
16.2275	0.0000e+00
16.2300	0.0000e+00
16.2325	0.0000e+00
16.2350	0.0000e+00
16.2375	0.0000e+00
16.2400	0.0000e+00
16.2425	0.0000e+00
16.2450	0.0000e+00
16.2475	0.0000e+00
16.2500	0.0000e+00
16.2525	0.0000e+00
16.2550	0.0000e+00
16.2575	0.0000e+00
16.2600	0.0000e+00
16.2625	0.0000e+00
16.2650	0.0000e+00
16.2675	0.0000e+00
16.2700	0.0000e+00
16.2725	0.0000e+00
16.2750	0.0000e+00
16.2775	0.0000e+00
16.2800	0.0000e+00
16.2825	0.0000e+00
16.2850	0.0000e+00
16.2875	0.0000e+00
16.2900	0.0000e+00
16.2925	0.0000e+00
16.2950	0.0000e+00
16.2975	0.0000e+00
16.3000	0.0000e+00
16.3025	0.0000e+00
16.3050	0.0000e+00
16.3075	0.0000e+00
16.3100	0.0000e+00
16.3125	0.0000e+00
16.3150	0.0000e+00
16.3175	0.0000e+00
16.3200	0.0000e+00
16.3225	0.0000e+00
16.3250	0.0000e+00
16.3275	0.0000e+00
16.3300	0.0000e+00
16.3325	0.0000e+00
16.3350	0.0000e+00
16.3375	0.0000e+00
16.3400	0.0000e+00
16.3425	0.0000e+00
16.3450	0.0000e+00
16.3475	0.0000e+00
16.3500	0.0000e+00
16.3525	0.0000e+00
16.3550	0.0000e+00
16.3575	0.0000e+00
16.3600	0.0000e+00
16.3625	0.0000e+00
16.3650	0.0000e+00
16.3675	0.0000e+00
16.3700	0.0000e+00
16.3725	0.0000e+00
16.3750	0.0000e+00
16.3775	0.0000e+00
16.3800	0.0000e+00
16.3825	0.0000e+00
16.3850	0.0000e+00
16.3875	0.0000e+00
16.3900	0.0000e+00
16.3925	0.0000e+00
16.3950	0.0000e+00
16.3975	0.0000e+00
16.4000	0.0000e+00
16.4025	0.0000e+00
16.4050	0.0000e+00
16.4075	0.0000e+00
16.4100	0.0000e+00
16.4125	0.0000e+00
16.4150	0.0000e+00
16.4175	0.0000e+00
16.4200	0.0000e+00
16.4225	0.0000e+00
16.4250	0.0000e+00
16.4275	0.0000e+00
16.4300	0.0000e+00
16.4325	0.0000e+00
16.4350	0.0000e+00
16.4375	0.0000e+00
16.4400	0.0000e+00
16.4425	0.0000e+00
16.4450	0.0000e+00
16.4475	0.0000e+00
16.4500	0.0000e+00
16.4525	0.0000e+00
16.4550	0.0000e+00
16.4575	0.0000e+00
16.4600	0.0000e+00
16.4625	0.0000e+00
16.4650	0.0000e+00
16.4675	0.0000e+00
16.4700	0.0000e+00
16.4725	0.0000e+00
16.4750	0.0000e+00
16.4775	0.0000e+00
16.4800	0.0000e+00
16.4825	0.0000e+00
16.4850	0.0000e+00
16.4875	0.0000e+00
16.4900	0.0000e+00
16.4925	0.0000e+00
16.4950	0.0000e+00
16.4975	0.0000e+00
16.5000	0.0000e+00
16.5025	0.0000e+00
16.5050	0.0000e+00
16.5075	0.0000e+00
16.5100	0.0000e+00
16.5125	0.0000e+00
16.5150	0.0000e+00
16.5175	0.0000e+00
16.5200	0.0000e+00
16.5225	0.0000e+00
16.5250	0.0000e+00
16.5275	0.0000e+00
16.5300	0.0000e+00
16.5325	0.0000e+00
16.5350	0.0000e+00
16.5375	0.0000e+00
16.5400	0.0000e+00
16.5425	0.0000e+00
16.5450	0.0000e+00
16.5475	0.0000e+00
16.5500	0.0000e+00
16.5525	0.0000e+00
16.5550	0.0000e+00
16.5575	0.0000e+00
16.5600	0.0000e+00
16.5625	0.0000e+00
16.5650	0.0000e+00
16.5675	0.0000e+00
16.5700	0.0000e+00
16.5725	0.0000e+00
16.5750	0.0000e+00
16.5775	0.0000e+00
16.5800	0.0000e+00
16.5825	0.0000e+00
16.5850	0.0000e+00
16.5875	0.0000e+00
16.5900	0.0000e+00
16.5925	0.0000e+00
16.5950	0.0000e+00
16.5975	0.0000e+00
16.6000	0.0000e+00
16.6025	0.0000e+00
16.6050	0.0000e+00
16.6075	0.0000e+00
16.6100	0.0000e+00
16.6125	0.0000e+00
16.6150	0.0000e+00
16.6175	0.0000e+00
16.6200	0.0000e+00
16.6225	0.0000e+00
16.6250	0.0000e+00
16.6275	0.0000e+00
16.6300	0.0000e+00
16.6325	0.0000e+00
16.6350	0.0000e+00
16.6375	0.0000e+00
16.6400	0.0000e+00
16.6425	0.0000e+00
16.6450	0.0000e+00
16.6475	0.0000e+00
16.6500	0.0000e+00
16.6525	0.0000e+00
16.6550	0.0000e+00
16.6575	0.0000e+00
16.6600	0.0000e+00
16.6625	0.0000e+00
16.6650	0.0000e+00
16.6675	0.0000e+00
16.6700	0.0000e+00
16.6725	0.0000e+00
16.6750	0.0000e+00
16.6775	0.0000e+00
16.6800	0.0000e+00
16.6825	0.0000e+00
16.6850	0.0000e+00
16.6875	0.0000e+00
16.6900	0.0000e+00
16.6925	0.0000e+00
16.6950	0.0000e+00
16.6975	0.0000e+00
16.7000	0.0000e+00
16.7025	0.0000e+00
16.7050	0.0000e+00
16.7075	0.0000e+00
16.7100	0.0000e+00
16.7125	0.0000e+00
16.7150	0.0000e+00
16.7175	0.0000e+00
16.7200	0.0000e+00
16.7225	0.0000e+00
16.7250	0.0000e+00
16.7275	0.0000e+00
16.7300	0.0000e+00
16.7325	0.0000e+00
16.7350	0.0000e+00
16.7375	0.0000e+00
16.7400	0.0000e+00
16.7425	0.0000e+00
16.7450	0.0000e+00
16.7475	0.0000e+00
16.7500	0.0000e+00
16.7525	0.0000e+00
16.7550	0.0000e+00
16.7575	0.0000e+00
16.7600	0.0000e+00
16.7625	0.0000e+00
16.7650	0.0000e+00
16.7675	0.0000e+00
16.7700	0.0000e+00
16.7725	0.0000e+00
16.7750	0.0000e+00
16.7775	0.0000e+00
16.7800	0.0000e+00
16.7825	0.0000e+00
16.7850	0.0000e+00
16.7875	0.0000e+00
16.7900	0.0000e+00
16.7925	0.0000e+00
16.7950	0.0000e+00
16.7975	0.0000e+00
16.8000	0.0000e+00
16.8025	0.0000e+00
16.8050	0.0000e+00
16.8075	0.0000e+00
16.8100	0.0000e+00
16.8125	0.0000e+00
16.8150	0.0000e+00
16.8175	0.0000e+00
16.8200	0.0000e+00
16.8225	0.0000e+00
16.8250	0.0000e+00
16.8275	0.0000e+00
16.8300	0.0000e+00
16.8325	0.0000e+00
16.8350	0.0000e+00
16.8375	0.0000e+00
16.8400	3.7358e-03
16.8425	1.0744e-02
16.8450	1.7751e-02
16.8475	2.4759e-02
16.8500	3.1767e-02
16.8525	3.8775e-02
16.8550	4.5783e-02
16.8575	5.2790e-02
16.8600	5.9798e-02
16.8625	5.9335e-02
16.8650	5.2327e-02
16.8675	4.5319e-02
16.8700	3.8311e-02
16.8725	3.1303e-02
16.8750	2.4295e-02
16.8775	1.7288e-02
16.8800	1.0280e-02
16.8825	0.0000e+00
16.8850	0.0000e+00
16.8875	0.0000e+00
16.8900	0.0000e+00
16.8925	0.0000e+00
16.8950	0.0000e+00
16.8975	0.0000e+00
16.9000	0.0000e+00
16.9025	0.0000e+00
16.9050	0.0000e+00
16.9075	0.0000e+00
16.9100	0.0000e+00
16.9125	0.0000e+00
16.9150	0.0000e+00
16.9175	0.0000e+00
16.9200	0.0000e+00
16.9225	0.0000e+00
16.9250	0.0000e+00
16.9275	0.0000e+00
16.9300	0.0000e+00
16.9325	0.0000e+00
16.9350	0.0000e+00
16.9375	0.0000e+00
16.9400	0.0000e+00
16.9425	0.0000e+00
16.9450	0.0000e+00
16.9475	0.0000e+00
16.9500	0.0000e+00
16.9525	0.0000e+00
16.9550	0.0000e+00
16.9575	0.0000e+00
16.9600	0.0000e+00
16.9625	0.0000e+00
16.9650	0.0000e+00
16.9675	0.0000e+00
16.9700	0.0000e+00
16.9725	0.0000e+00
16.9750	0.0000e+00
16.9775	0.0000e+00
16.9800	0.0000e+00
16.9825	0.0000e+00
16.9850	0.0000e+00
16.9875	0.0000e+00
16.9900	0.0000e+00
16.9925	0.0000e+00
16.9950	0.0000e+00
16.9975	0.0000e+00
17.0000	0.0000e+00
17.0025	0.0000e+00
17.0050	0.0000e+00
17.0075	0.0000e+00
17.0100	0.0000e+00
17.0125	0.0000e+00
17.0150	0.0000e+00
17.0175	0.0000e+00
17.0200	0.0000e+00
17.0225	0.0000e+00
17.0250	0.0000e+00
17.0275	0.0000e+00
17.0300	0.0000e+00
17.0325	0.0000e+00
17.0350	0.0000e+00
17.0375	0.0000e+00
17.0400	0.0000e+00
17.0425	0.0000e+00
17.0450	0.0000e+00
17.0475	0.0000e+00
17.0500	0.0000e+00
17.0525	0.0000e+00
17.0550	0.0000e+00
17.0575	0.0000e+00
